time,lat,lon,elevation,accuracy,bearing,speed
2015-02-18T08:55:10Z,22.178128,113.581765,-14.100000,12.000000,119.199997,18.359262
2015-02-18T08:55:13Z,22.177906,113.582244,-12.800000,12.000000,114.699997,18.110771
2015-02-18T08:55:16Z,22.177697,113.582697,-13.400000,18.000000,115.800003,17.365555
2015-02-18T08:55:18Z,22.177595,113.583054,-10.400000,22.000000,109.800003,17.613914
2015-02-18T08:55:21Z,22.177514,113.583581,-4.200000,23.000000,106.599998,17.862320
2015-02-18T08:55:24Z,22.177388,113.584066,-3.100000,15.000000,104.500000,18.110771
2015-02-18T08:55:26Z,22.177322,113.584414,-2.300000,13.000000,101.800003,18.359262
2015-02-18T08:55:29Z,22.177248,113.584928,-3.800000,12.000000,102.800003,17.862320
2015-02-18T08:55:32Z,22.177135,113.585447,-1.100000,11.000000,100.599998,18.359262
2015-02-18T08:55:35Z,22.177043,113.585969,-2.100000,11.000000,100.000000,18.607794
2015-02-18T08:55:38Z,22.176944,113.586472,0.900000,10.000000,100.000000,18.359262
2015-02-18T08:55:41Z,22.176863,113.587002,2.300000,10.000000,99.500000,18.856365
2015-02-18T08:55:44Z,22.176812,113.587510,3.700000,10.000000,96.800003,17.365555
2015-02-18T08:55:47Z,22.176761,113.588002,4.900000,12.000000,96.199997,17.365555
2015-02-18T08:55:49Z,22.176695,113.588341,5.200000,11.000000,100.300003,17.613914
2015-02-18T08:55:52Z,22.176627,113.588866,5.200000,12.000000,97.000000,18.359262
2015-02-18T08:55:55Z,22.176498,113.589387,6.600000,13.000000,101.599998,18.359262
2015-02-18T08:55:58Z,22.176420,113.589953,7.200000,11.000000,97.199997,18.110771
2015-02-18T08:56:01Z,22.176356,113.590477,7.200000,12.000000,96.599998,18.359262
2015-02-18T08:56:04Z,22.176248,113.591004,7.100000,12.000000,101.800003,18.250000
2015-02-18T08:56:07Z,22.176125,113.591533,7.600000,11.000000,103.800003,18.000000
2015-02-18T08:56:10Z,22.175993,113.592034,7.600000,11.000000,107.800003,18.000000
2015-02-18T08:56:13Z,22.175916,113.592571,6.900000,11.000000,99.699997,18.250000
2015-02-18T08:56:16Z,22.175825,113.593076,8.200000,12.000000,100.599998,17.750000
2015-02-18T08:56:19Z,22.175750,113.593578,10.100000XXXASD,12.000000,98.599998,18.000000
2015-02-18T08:56:21Z,22.175706,113.593940,8.900000,11.000000,98.599998,18.750000
2015-02-18T08:56:24Z,22.175659,113.594481,8.400000,11.000000,94.500000,18.250000
2015-02-18T08:56:27Z,22.175609,113.595004,8.000000,11.000000,93.699997,17.750000
2015-02-18T08:56:29Z,22.175521,113.595339,9.000000,11.000000,97.400002,17.750000
2015-02-18T08:56:32Z,22.175433,113.595863,9.700000,11.000000,98.400002,18.000000
2015-02-18T08:56:35Z,22.175353,113.596395,10.300000,10.000000,96.000000,18.500000
2015-02-18T08:56:38Z,22.175304,113.596918,9.600000,10.000000,95.099998,18.000000
2015-02-18T08:56:41Z,22.175261,113.597426,11.200000,10.000000,94.699997,17.250000
2015-02-18T08:56:44Z,22.175194,113.597969,11.600000,11.000000,94.500000,18.000000
2015-02-18T08:56:47Z,22.175087,113.598497,10.400000,10.000000,100.000000,18.500000
2015-02-18T08:56:50Z,22.175016,113.599022,10.200000,10.000000,96.099998,18.500000
2015-02-18T08:56:53Z,22.174931,113.599552,8.600000,10.000000,99.400002,18.250000
2015-02-18aSDASDASDACAXAS45Z,22.175111,113.620348,4.600000,11.000000,85.199997,21.000000
2015-02-18T08:58:48Z,22.175161,113.620966,1.700000,10.000000,85.599998,21.250000
2015-02-18T08:58:51Z,22.175217,113.621582,0.500000,10.000000,85.699997,21.250000
2015-02-18T08:58:54Z,22.175250,113.622207,-0.100000,11.000000,90.199997,22.000000
2015-02-18T08:58:57Z,22.175312,113.622823,-2.800000,10.000000,87.400002,21.250000
2015-02-18T08:59:00Z,22.175383,113.623435,-2.800000,10.000000,83.400002,21.250000
2015-02-18T08:59:03Z,22.175377,113.624050,-3.800000,11.000000,90.500000,21.250000
2015-02-18T08:59:06Z,22.175409,113.624649,-3.800000,11.000000,87.199997,20.750000
2015-02-18T08:59:09Z,22.175438,113.625264,-4.500000,10.000000,87.699997,21.250000
2015-02-18T08:59:11Z,22.175472,113.625670,-4.500000,11.000000,85.199997,21.000000
2015-02-18T08:59:14Z,22.175515,113.626269,-5.300000,10.000000,86.000000,20.750000
2015-02-18T08:59:17Z,22.175556,113.626885,-5.100000,11.000000,84.500000,21.250000
2015-02-18T08:59:20Z,22.175601,113.627517,-4.700000,13.000000,84.500000,22.250000
2015-02-18T08:59:22Z,22.175604,113.627934,-5.100000,14.000000,87.000000,21.750000
2015-02-18T08:59:25Z,22.175640,113.628548,-5.900000,15.000000,87.199997,21.750000
2015-02-18T08:59:28Z,22.175664,113.629160,-6.900000,15.000000,86.599998,21.250000
2015-02-18T08:59:31Z,22.175677,113.629785,-8.100000,13.000000,87.699997,21.500000
2015-02-18T08:59:34Z,22.175715,113.630424,-10.100000,12.000000,85.800003,21.500000
2015-02-18T08:59:37Z,22.175723,113.631039,-11.200000,11.000000,86.500000,21.000000
2015-02-18T08:59:40Z,22.175744,113.631648,-12.800000,11.000000,88.400002,21.750000
2015-02-18T08:59:43Z,22.175750,113.632256,-12.800000,10.000000,88.199997,20.500000
2015-02-18T08:59:46Z,22.175768,113.632862,-12.700000,10.000000,87.900002,21.250000
2015-02-18T08:59:49Z,22.175784,113.633454,-14.000000,10.000000,88.099998,20.750000
2015-02-18T08:59:52Z,22.175834,113.634082,-16.500000,10.000000,87.099998,21.250000
2015-02-18T08:59:54Z,22.175819,113.634495,-17.299999,10.000000,92.300003,21.250000
2015-02-18T08:59:57Z,22.175826,113.635082,-16.700001,10.000000,89.900002,20.750000
2015-02-18T09:00:00Z,22.175870,113.635691,-17.000000,10.000000,87.699997,21.000000
2015-02-18T09:00:03Z,22.175923,113.636294,-15.300000,11.000000,83.000000,20.500000
2015-02-18T09:00:06Z,22.175988,113.636891,-15.500000,12.000000,82.800003,20.750000
2015-02-18T09:00:09Z,22.176031,113.637530,-13.700000,12.000000,85.099998,22.500000
2015-02-18T09:00:12Z,22.176060,113.638144,-13.300000,11.000000,85.400002,21.500000
2015-02-18T09:00:15Z,22.176135,113.638753,-14.300000,12.000000,82.400002,21.500000
2015-02-18T09:00:18Z,22.176141,113.639380,-12.800000,11.000000,89.699997,21.000000
2015-02-18T09:00:21Z,22.176159,113.639993,-11.500000,11.000000,86.000000,21.000000
2015-02-18T09:00:24Z,22.176193,113.640592,-11.500000,10.000000,88.400002,21.000000
2015-02-18T09:00:27Z,22.176226,113.641210,-10.300000,11.000000,84.900002,21.250000
2015-02-18T09:00:30Z,22.176237,113.641828,-9.100000,11.000000,89.400002,22.000000
2015-02-18T09:00:33Z,22.176230,113.642439,-8.900000,11.000000,89.300003,21.000000
2015-02-18T09:00:36Z,22.176217,113.643037,-7.500000,10.000000,90.599998,21.000000
2015-02-18T09:00:33Z,22.155202,113.588511,0.000000,3518.000000,0.000000,0.000000
2015-02-18T09:00:41Z,22.176278,113.644047,-7.100000,10.000000,86.199997,20.750000
2015-02-18T09:00:38Z,22.155202,113.588511,0.000000,3518.000000,0.000000,0.000000
2015-02-18T09:00:40Z,22.155202,113.588511,0.000000,3518.000000,0.000000,0.000000
2015-02-18T09:00:47Z,22.176326,113.645279,-7.100000,10.000000,88.599998,21.250000
2015-02-18T09:00:50Z,22.176350,113.645898,-7.200000,10.000000,86.000000,21.500000
2015-02-18T09:00:53Z,22.176388,113.646515,-7.200000,10.000000,86.800003,21.500000
2015-02-18T09:00:56Z,22.176415,113.647121,-8.100000,10.000000,86.300003,21.250000
2015-02-18T09:00:58Z,22.176434,113.647536,-8.500000,10.000000,88.599998,21.250000
2015-02-18T09:01:01Z,22.176462,113.648159,-7.800000,11.000000,87.400002,21.000000
2015-02-18T09:01:04Z,22.176492,113.648778,-6.300000,10.000000,87.900002,21.250000
2015-02-18T09:01:07Z,22.176532,113.649389,-4.000000,10.000000,87.000000,21.500000
2015-02-18T09:01:10Z,22.176570,113.650015,-4.000000,10.000000,85.099998,22.000000
2015-02-18T09:01:13Z,22.176601,113.650612,-4.000000,10.000000,86.900002,21.250000
2015-02-18T09:01:16Z,22.176617,113.651221,-4.100000,10.000000,87.900002,21.000000
2015-02-18T09:01:19Z,22.176619,113.651821,-3.000000,10.000000,91.400002,21.250000
2015-02-18T09:01:22Z,22.176659,113.652438,-2.700000,10.000000,86.400002,21.500000
2015-02-18T09:01:25Z,22.176666,113.653043,-1.300000,11.000000,87.800003,21.250000
2015-02-18T09:01:28Z,22.176707,113.653664,-1.700000,11.000000,86.300003,21.250000
2015-02-18T09:01:31Z,22.176737,113.654279,-0.600000,11.000000,86.300003,21.250000
2015-02-18T09:01:34Z,22.176779,113.654888,-0.100000,11.000000,85.099998,21.000000
2015-02-18T09:01:37Z,22.176820,113.655487,0.900000,11.000000,87.500000,20.500000
2015-02-18T09:01:40Z,22.176798,113.656067,0.200000,12.000000,91.500000,20.000000
2015-02-18T09:01:43Z,22.176821,113.656690,1.300000,10.000000,85.300003,21.250000
2015-02-18T09:01:46Z,22.176850,113.657324,0.400000,10.000000,87.800003,21.250000
2015-02-18T09:01:49Z,22.176893,113.657933,2.400000,10.000000,86.300003,21.250000
2015-02-18T09:01:52Z,22.176918,113.658537,3.300000,10.000000,86.900002,21.000000
2015-02-18T09:01:55Z,22.176961,113.659147,2.400000,10.000000,85.699997,21.000000
2015-02-18T09:01:58Z,22.176975,113.659758,2.100000,10.000000,87.699997,20.750000
2015-02-18T09:02:01Z,22.177012,113.660364,2.100000,10.000000,86.000000,20.750000
2015-02-18T09:02:04Z,22.177036,113.660982,2.300000,10.000000,90.099998,20.500000
2015-02-18T09:02:07Z,22.177075,113.661606,0.800000,10.000000,83.500000,21.500000
2015-02-18T09:02:10Z,22.177107,113.662218,1.600000,10.000000,86.300003,21.250000
2015-02-18T09:02:13Z,22.177114,113.662840,1.300000,11.000000,89.400002,21.250000
2015-02-18T09:02:16Z,22.177117,113.663457,1.000000,12.000000,89.500000,21.000000
2015-02-18T09:02:19Z,22.177186,113.664057,0.600000,12.000000,84.300003,21.500000
2015-02-18T09:02:22Z,22.177160,113.664670,-0.300000,12.000000,88.500000,21.250000
2015-02-18T09:02:25Z,22.177188,113.665248,0.100000,13.000000,88.400002,20.750000
2015-02-18T09:02:28Z,22.177206,113.665894,-0.700000,11.000000,86.300003,21.250000
2015-02-18T09:02:30Z,22.177242,113.666306,-0.700000,11.000000,85.500000,22.000000
2015-02-18T09:02:33Z,22.177222,113.666915,-1.000000,12.000000,89.000000,20.750000
2015-02-18T09:02:35Z,22.177220,113.667317,-1.500000,13.000000,90.099998,21.000000
2015-02-18T09:02:38Z,22.177199,113.667907,-1.800000,13.000000,91.500000,21.000000
2015-02-18T09:02:41Z,22.177260,113.668495,-1.900000,11.000000,84.599998,21.250000
2015-02-18T09:02:44Z,22.177327,113.669085,-2.200000,11.000000,86.900002,21.000000
2015-02-18T09:02:46Z,22.177385,113.669501,-3.800000,10.000000,86.000000,21.500000
2015-02-18T09:02:49Z,22.177433,113.670118,-4.000000,10.000000,85.900002,20.500000
2015-02-18T09:02:52Z,22.177487,113.670726,-4.100000,10.000000,82.500000,21.250000
2015-02-18T09:02:55Z,22.177538,113.671347,-3.500000,10.000000,85.199997,21.250000
2015-02-18T09:02:58Z,22.177604,113.671956,-3.700000,10.000000,82.800003,21.250000
2015-02-18T09:03:01Z,22.177632,113.672578,-2.100000,10.000000,84.500000,21.250000
2015-02-18T09:03:04Z,22.177681,113.673199,-2.700000,10.000000,84.500000,22.000000
2015-02-18T09:03:07Z,22.177729,113.673801,-1.000000,10.000000,87.400002,21.250000
2015-02-18T09:03:10Z,22.177783,113.674416,-0.400000,10.000000,84.800003,21.250000
2015-02-18T09:03:13Z,22.177831,113.675025,-1.400000,10.000000,84.500000,21.250000
2015-02-18T09:03:16Z,22.177875,113.675636,-3.600000,10.000000,84.599998,21.000000
2015-02-18T09:03:19Z,22.177911,113.676229,-4.100000,10.000000,86.000000,20.750000
2015-02-18T09:03:22Z,22.177958,113.676835,-4.900000,10.000000,85.300003,21.250000
2015-02-18T09:03:19Z,22.155202,113.588511,0.000000,3518.000000,0.000000,0.000000
2015-02-18T09:03:27Z,22.178032,113.677859,-3.300000,10.000000,87.199997,21.500000
2015-02-18T09:03:30Z,22.178078,113.678479,-1.900000,10.000000,86.599998,21.250000
2015-02-18T09:03:33Z,22.178124,113.679098,-2.600000,10.000000,83.900002,21.250000
2015-02-18T09:03:35Z,22.178158,113.679511,-1.600000,10.000000,84.900002,21.250000
2015-02-18T09:03:38Z,22.178197,113.680097,-0.500000,10.000000,85.400002,20.750000
2015-02-18T09:03:41Z,22.178241,113.680707,-2.800000,11.000000,84.400002,21.500000
2015-02-18T09:03:44Z,22.178320,113.681303,-2.900000,13.000000,80.699997,20.750000
2015-02-18T09:03:47Z,22.178367,113.681913,-2.000000,13.000000,86.599998,20.250000
2015-02-18T09:03:50Z,22.178444,113.682528,-0.200000,12.000000,80.099998,21.250000
2015-02-18T09:03:53Z,22.178493,113.683139,-0.100000,12.000000,84.099998,21.000000
2015-02-18T09:03:56Z,22.178567,113.683738,1.900000,12.000000,82.599998,20.750000
2015-02-18T09:03:59Z,22.178634,113.684351,2.500000,12.000000,82.699997,21.000000
2015-02-18T09:04:02Z,22.178690,113.684955,1.600000,11.000000,84.000000,20.750000
2015-02-18T09:04:04Z,22.178727,113.685356,1.800000,11.000000,80.300003,20.500000
2015-02-18T09:04:07Z,22.178734,113.685986,1.400000,10.000000,86.800003,21.250000
2015-02-18T09:04:10Z,22.178783,113.686608,1.600000,11.000000,83.400002,21.750000
2015-02-18T09:04:13Z,22.178784,113.687224,1.500000,10.000000,88.500000,21.000000
2015-02-18T09:04:16Z,22.178827,113.687844,0.800000,10.000000,86.400002,21.250000
2015-02-18T09:04:19Z,22.178863,113.688442,1.100000,10.000000,86.699997,21.000000
2015-02-18T09:04:22Z,22.178881,113.689067,1.000000,10.000000,86.000000,21.000000
2015-02-18T09:04:25Z,22.178927,113.689684,1.100000,10.000000,84.400002,20.750000
2015-02-18T09:04:28Z,22.178964,113.690296,-0.400000,10.000000,85.300003,21.250000
2015-02-18T09:04:31Z,22.179028,113.690922,0.200000,10.000000,84.400002,21.250000
2015-02-18T09:04:34Z,22.179093,113.691532,0.400000,10.000000,83.800003,21.000000
2015-02-18T09:04:37Z,22.179157,113.692141,0.200000,10.000000,83.800003,20.750000
