time,lat,lon,elevation,accuracy,bearing,speed
2015-01-24T12:31:52Z,60.229159,25.039148,0.000000,75.429001,0.000000,0.000000
2015-01-24T12:31:57Z,60.226221,25.036983,1.400000,14.000000,46.500000,1.500000
2015-01-24T12:32:00Z,60.226349,25.036912,21.000000,10.000000,27.799999,1.820027
2015-01-24T12:32:02Z,60.226367,25.036928,22.900000,9.000000,44.500000,1.820027
2015-01-24T12:32:05Z,60.229255,25.038245,0.000000,71.038002,0.000000,0.000000
2015-01-24T12:32:09Z,60.226447,25.037019,28.299999,10.000000,29.200001,1.820027
2015-01-24T12:32:10Z,60.229238,25.038308,0.000000,40.084999,0.000000,0.000000
2015-01-24T12:32:14Z,60.226511,25.037100,30.200001,9.000000,31.100000,1.820027
2015-01-24T12:32:17Z,60.226551,25.037141,29.900000,9.000000,24.000000,1.820027
2015-01-24T12:32:20Z,60.226588,25.037172,30.900000,9.000000,27.500000,1.820027
2015-01-24T12:32:21Z,60.229264,25.038536,0.000000,38.004002,0.000000,0.000000
2015-01-24T12:32:25Z,60.226659,25.037225,33.599998,9.000000,14.000000,1.820027
2015-01-24T12:32:28Z,60.226704,25.037269,34.500000,9.000000,26.700001,1.820027
2015-01-24T12:32:30Z,60.226732,25.037303,34.599998,9.000000,31.299999,1.820027
2015-01-24T12:32:33Z,60.226768,25.037349,33.200001,9.000000,30.700001,1.820027
2015-01-24T12:32:36Z,60.226806,25.037399,33.400002,9.000000,30.200001,1.820027
2015-01-24T12:32:37Z,60.224728,25.032436,0.000000,387.000000,0.000000,0.000000
2015-01-24T12:32:41Z,60.226881,25.037463,35.700001,10.000000,20.299999,1.820027
2015-01-24T12:32:44Z,60.226926,25.037510,35.400002,10.000000,29.100000,1.820027
2015-01-24T12:32:47Z,60.226969,25.037555,35.900002,9.000000,27.400000,1.820027
2015-01-24T12:32:49Z,60.226993,25.037586,34.799999,9.000000,33.299999,1.820027
2015-01-24T12:32:52Z,60.227030,25.037621,33.700001,9.000000,24.600000,1.820027
2015-01-24T12:32:54Z,60.227054,25.037648,33.099998,9.000000,30.500000,1.820027
2015-01-24T12:32:57Z,60.227091,25.037687,32.700001,10.000000,26.200001,1.820027
2015-01-24T12:33:00Z,60.227125,25.037722,31.700001,10.000000,26.500000,1.820027
2015-01-24T12:33:01Z,60.229132,25.039225,0.000000,56.438999,0.000000,0.000000
2015-01-24T12:33:05Z,60.227192,25.037790,31.500000,9.000000,27.799999,1.820027
2015-01-24T12:33:07Z,60.229345,25.038408,0.000000,66.966003,0.000000,0.000000
2015-01-24T12:33:10Z,60.227256,25.037863,32.000000,9.000000,28.299999,1.581139
2015-01-24T12:33:13Z,60.227294,25.037899,32.400002,10.000000,23.600000,1.581139
2015-01-24T12:33:16Z,60.227333,25.037942,33.200001,9.000000,31.000000,1.820027
2015-01-24T12:33:17Z,60.229130,25.039008,0.000000,46.958000,0.000000,0.000000
2015-01-24T12:33:21Z,60.227396,25.038001,32.099998,9.000000,17.700001,1.820027
2015-01-24T12:33:24Z,60.227431,25.038039,30.500000,10.000000,30.700001,1.820027
2015-01-24T12:33:27Z,60.227463,25.038086,29.400000,9.000000,32.799999,1.820027
2015-01-24T12:33:29Z,60.229244,25.038563,0.000000,36.830002,0.000000,0.000000
2015-01-24T12:33:32Z,60.227526,25.038152,29.600000,11.000000,30.900000,1.820027
2015-01-24T12:33:35Z,60.227561,25.038188,29.600000,9.000000,25.100000,1.581139
2015-01-24T12:33:37Z,60.229327,25.038367,0.000000,68.007004,0.000000,0.000000
2015-01-24T12:33:41Z,60.227647,25.038273,31.000000,9.000000,31.799999,1.820027
2015-01-24T12:33:44Z,60.227689,25.038317,29.799999,10.000000,23.799999,1.820027
2015-01-24T12:33:47Z,60.227732,25.038357,29.900000,10.000000,26.600000,1.820027
2015-01-24T12:33:48Z,60.229272,25.038336,0.000000,47.227001,0.000000,0.000000
2015-01-24T12:33:52Z,60.227805,25.038432,30.900000,9.000000,23.700001,1.820027
2015-01-24T12:33:55Z,60.227849,25.038472,30.000000,9.000000,24.000000,1.820027
2015-01-24T12:33:58Z,60.227886,25.038516,29.100000,9.000000,31.200001,1.820027
2015-01-24T12:34:01Z,60.227923,25.038556,28.299999,10.000000,23.100000,1.820027
2015-01-24T12:34:02Z,60.229275,25.038282,0.000000,49.708000,0.000000,0.000000
2015-01-24T12:34:06Z,60.227985,25.038630,24.700001,10.000000,34.200001,1.750000
2015-01-24T12:34:08Z,60.229156,25.038722,0.000000,51.000000,0.000000,0.000000
2015-01-24T12:34:12Z,60.228064,25.038731,24.400000,9.000000,32.900002,1.750000
2015-01-24T12:34:13Z,60.229124,25.038999,0.000000,46.744999,0.000000,0.000000
2015-01-24T12:34:17Z,60.228123,25.038822,23.299999,9.000000,31.600000,1.750000
2015-01-24T12:34:20Z,60.228164,25.038863,24.400000,9.000000,25.900000,1.750000
2015-01-24T12:34:21Z,60.229216,25.039185,0.000000,51.627998,0.000000,0.000000
2015-01-24T12:34:25Z,60.228233,25.038932,24.200001,10.000000,29.600000,1.750000
2015-01-24T12:34:28Z,60.228272,25.038970,25.799999,9.000000,28.900000,1.750000
2015-01-24T12:34:31Z,60.228315,25.039002,25.600000,10.000000,25.100000,1.750000
2015-01-24T12:34:32Z,60.229212,25.039206,0.000000,45.000000,0.000000,0.000000
2015-01-24T12:34:36Z,60.228387,25.039070,28.700001,9.000000,26.900000,1.750000
2015-01-24T12:34:38Z,60.229204,25.039231,0.000000,54.013000,0.000000,0.000000
2015-01-24T12:34:41Z,60.228454,25.039154,28.299999,10.000000,31.799999,1.750000
2015-01-24T12:34:44Z,60.228485,25.039202,27.200001,10.000000,37.099998,1.750000
2015-01-24T12:34:47Z,60.228506,25.039260,26.400000,10.000000,48.700001,1.750000
2015-01-24T12:34:48Z,60.229180,25.039302,0.000000,40.500000,0.000000,0.000000
2015-01-24T12:34:52Z,60.228502,25.039371,25.799999,4.000000,72.900002,1.000000
2015-01-24T12:34:55Z,60.228506,25.039418,25.600000,5.000000,0.000000,0.000000
2015-01-24T12:34:58Z,60.228503,25.039419,25.100000,6.000000,0.000000,0.000000
2015-01-24T12:34:59Z,60.229083,25.039745,0.000000,66.641998,0.000000,0.000000
2015-01-24T12:35:03Z,60.228501,25.039419,25.100000,5.000000,0.000000,0.000000
2015-01-24T12:35:05Z,60.228946,25.040061,0.000000,56.243000,0.000000,0.000000
2015-01-24T12:35:09Z,60.228533,25.039532,26.799999,4.000000,50.099998,1.500000
2015-01-24T12:35:12Z,60.228568,25.039660,27.400000,3.000000,0.000000,0.000000
2015-01-24T12:35:13Z,60.228948,25.039914,0.000000,54.868999,0.000000,0.000000
2015-01-24T12:35:17Z,60.228587,25.039771,27.600000,4.000000,70.900002,1.000000
2015-01-24T12:35:20Z,60.228593,25.039872,27.500000,3.000000,0.000000,0.000000
2015-01-24T12:35:23Z,60.228595,25.039958,28.200001,4.000000,95.900002,1.250000
2015-01-24T12:35:24Z,60.229099,25.040550,0.000000,56.589001,0.000000,0.000000
2015-01-24T12:35:28Z,60.228601,25.040112,28.500000,4.000000,94.000000,1.250000
2015-01-24T12:35:31Z,60.228601,25.040214,29.799999,4.000000,92.500000,1.500000
2015-01-24T12:35:34Z,60.228611,25.040337,27.299999,4.000000,84.199997,1.500000
2015-01-24T12:35:36Z,60.228620,25.040417,24.700001,4.000000,80.599998,1.500000
2015-01-24T12:35:39Z,60.228627,25.040543,24.100000,4.000000,83.099998,1.500000
2015-01-24T12:35:42Z,60.228627,25.040672,24.900000,3.000000,0.000000,0.000000
2015-01-24T12:35:45Z,60.228632,25.040761,25.299999,3.000000,79.300003,1.250000
2015-01-24T12:35:48Z,60.228641,25.040874,25.600000,3.000000,76.900002,1.750000
2015-01-24T12:35:51Z,60.228653,25.040980,25.299999,4.000000,75.400002,1.750000
2015-01-24T12:35:52Z,60.229065,25.041045,0.000000,89.228996,0.000000,0.000000
2015-01-24T12:35:56Z,60.228676,25.041136,24.799999,4.000000,73.699997,1.750000
2015-01-24T12:35:59Z,60.228689,25.041218,24.500000,4.000000,77.300003,1.750000
2015-01-24T12:36:00Z,60.229042,25.041175,0.000000,27.000000,0.000000,0.000000
2015-01-24T12:36:04Z,60.228722,25.041353,24.299999,4.000000,71.300003,1.750000
2015-01-24T12:36:06Z,60.228729,25.041413,25.100000,4.000000,73.000000,1.750000
2015-01-24T12:36:09Z,60.228746,25.041494,25.400000,4.000000,69.400002,1.750000
2015-01-24T12:36:10Z,60.229079,25.041106,0.000000,42.000000,0.000000,0.000000
2015-01-24T12:36:14Z,60.228780,25.041636,25.900000,4.000000,67.800003,1.750000
2015-01-24T12:36:16Z,60.229101,25.041140,0.000000,43.500000,0.000000,0.000000
2015-01-24T12:36:19Z,60.228814,25.041776,25.400000,4.000000,67.400002,1.750000
2015-01-24T12:36:22Z,60.228834,25.041857,25.799999,4.000000,69.199997,1.750000
2015-01-24T12:36:25Z,60.228851,25.041919,24.400000,4.000000,74.800003,1.750000
2015-01-24T12:36:26Z,60.228976,25.040981,0.000000,27.000000,0.000000,0.000000
2015-01-24T12:36:30Z,60.228887,25.042023,22.299999,4.000000,66.400002,1.750000
2015-01-24T12:36:33Z,60.228904,25.042092,22.000000,5.000000,71.699997,1.750000
2015-01-24T12:36:36Z,60.228919,25.042174,22.400000,6.000000,69.000000,1.750000
2015-01-24T12:36:37Z,60.228930,25.042173,0.000000,110.889999,0.000000,0.000000
2015-01-24T12:36:41Z,60.228948,25.042300,22.799999,6.000000,65.900002,1.750000
2015-01-24T12:36:43Z,60.228962,25.042345,22.600000,5.000000,60.299999,1.500000
2015-01-24T12:36:46Z,60.228973,25.042420,22.600000,5.000000,69.199997,1.500000
2015-01-24T12:36:47Z,60.228931,25.042185,0.000000,110.764999,0.000000,0.000000
2015-01-24T12:36:51Z,60.229029,25.042516,21.400000,6.000000,48.500000,1.500000
2015-01-24T12:36:54Z,60.229042,25.042599,20.900000,7.000000,63.000000,1.500000
2015-01-24T12:36:55Z,60.227844,25.043188,0.000000,25.000000,0.000000,0.000000
2015-01-24T12:36:59Z,60.229051,25.042753,24.299999,8.000000,65.699997,1.500000
2015-01-24T12:37:02Z,60.229069,25.042877,27.200001,7.000000,65.900002,1.500000
2015-01-24T12:37:03Z,60.228523,25.043319,0.000000,69.363998,0.000000,0.000000
2015-01-24T12:37:07Z,60.229090,25.043054,28.500000,6.000000,74.800003,1.500000
2015-01-24T12:37:10Z,60.229103,25.043154,28.700001,9.000000,71.300003,1.750000
2015-01-24T12:37:12Z,60.229113,25.043219,29.200001,9.000000,71.000000,1.750000
2015-01-24T12:37:15Z,60.229133,25.043303,28.799999,10.000000,67.800003,1.750000
2015-01-24T12:37:18Z,60.229154,25.043384,28.600000,10.000000,67.400002,1.750000
2015-01-24T12:37:19Z,60.228718,25.044066,0.000000,89.000000,0.000000,0.000000
2015-01-24T12:37:23Z,60.229176,25.043550,31.000000,7.000000,71.199997,1.750000
2015-01-24T12:37:25Z,60.229184,25.043623,31.400000,6.000000,71.800003,1.750000
2015-01-24T12:37:28Z,60.229197,25.043736,32.900002,6.000000,68.599998,1.750000
2015-01-24T12:37:31Z,60.229212,25.043842,33.299999,7.000000,65.800003,1.750000
2015-01-24T12:37:34Z,60.229227,25.043933,33.299999,7.000000,61.799999,1.750000
2015-01-24T12:37:35Z,60.228949,25.044310,0.000000,48.000000,0.000000,0.000000
2015-01-24T12:37:39Z,60.229265,25.044062,33.599998,5.000000,61.599998,1.750000
2015-01-24T12:37:42Z,60.229277,25.044147,33.599998,5.000000,67.699997,1.750000
2015-01-24T12:37:45Z,60.229294,25.044229,34.200001,9.000000,67.000000,1.750000
2015-01-24T12:37:48Z,60.229322,25.044314,34.500000,6.000000,60.000000,1.750000
2015-01-24T12:37:49Z,60.229516,25.043930,0.000000,49.500000,0.000000,0.000000
2015-01-24T12:37:53Z,60.229370,25.044438,33.000000,5.000000,58.000000,1.750000
2015-01-24T12:37:55Z,60.229386,25.044489,33.700001,5.000000,59.599998,1.750000
2015-01-24T12:37:58Z,60.229407,25.044567,32.599998,9.000000,60.900002,1.750000
2015-01-24T12:38:00Z,60.229398,25.044233,0.000000,51.000000,0.000000,0.000000
2015-01-24T12:38:03Z,60.229409,25.044680,30.100000,4.000000,72.500000,1.750000
2015-01-24T12:38:06Z,60.229423,25.044735,28.500000,4.000000,64.199997,1.750000
2015-01-24T12:38:08Z,60.229472,25.044436,0.000000,39.835999,0.000000,0.000000
2015-01-24T12:38:11Z,60.229443,25.044837,28.500000,6.000000,68.000000,1.500000
2015-01-24T12:38:14Z,60.229452,25.044924,27.400000,4.000000,81.400002,1.750000
2015-01-24T12:38:17Z,60.229454,25.045006,27.500000,5.000000,83.300003,1.750000
2015-01-24T12:38:19Z,60.228986,25.044872,0.000000,55.966999,0.000000,0.000000
2015-01-24T12:38:22Z,60.229482,25.045140,28.700001,4.000000,65.699997,1.750000
2015-01-24T12:38:25Z,60.229494,25.045229,29.200001,4.000000,68.500000,1.750000
2015-01-24T12:38:28Z,60.229508,25.045309,28.299999,4.000000,60.299999,1.750000
2015-01-24T12:38:29Z,60.229041,25.045015,0.000000,40.500000,0.000000,0.000000
2015-01-24T12:38:33Z,60.229547,25.045428,28.000000,4.000000,50.500000,1.750000
2015-01-24T12:38:36Z,60.229573,25.045500,28.600000,4.000000,57.000000,1.750000
2015-01-24T12:38:39Z,60.229599,25.045563,27.600000,4.000000,52.000000,1.750000
2015-01-24T12:38:41Z,60.229051,25.045025,0.000000,43.500000,0.000000,0.000000
2015-01-24T12:38:44Z,60.229641,25.045661,24.500000,4.000000,51.299999,1.750000
2015-01-24T12:38:47Z,60.229659,25.045698,24.700001,4.000000,44.099998,1.250000
2015-01-24T12:38:50Z,60.229686,25.045747,25.299999,4.000000,46.500000,1.500000
2015-01-24T12:38:52Z,60.230325,25.045910,0.000000,95.768997,0.000000,0.000000
2015-01-24T12:38:56Z,60.229765,25.045876,28.299999,4.000000,44.700001,1.750000
2015-01-24T12:38:57Z,60.230234,25.045846,0.000000,40.500000,0.000000,0.000000
2015-01-24T12:39:01Z,60.229832,25.046004,30.000000,4.000000,51.099998,1.750000
2015-01-24T12:39:04Z,60.229866,25.046079,30.600000,6.000000,52.000000,1.750000
2015-01-24T12:39:05Z,60.230282,25.045911,0.000000,49.500000,0.000000,0.000000
2015-01-24T12:39:09Z,60.229917,25.046191,30.400000,4.000000,56.099998,1.500000
2015-01-24T12:39:11Z,60.229917,25.046191,30.500000,3.000000,0.000000,0.000000
2015-01-24T12:39:14Z,60.229920,25.046192,30.900000,4.000000,0.000000,0.000000
2015-01-24T12:39:16Z,60.229924,25.046198,31.500000,9.000000,0.000000,0.000000
2015-01-24T12:39:19Z,60.229935,25.046241,32.400002,10.000000,69.500000,0.750000
2015-01-24T12:39:20Z,60.230573,25.046120,0.000000,48.000000,0.000000,0.000000
2015-01-24T12:39:24Z,60.229945,25.046381,32.900002,11.000000,88.300003,1.000000
2015-01-24T12:39:27Z,60.229970,25.046492,32.400002,10.000000,73.300003,1.250000
2015-01-24T12:39:29Z,60.229980,25.046552,32.500000,4.000000,80.599998,1.250000
2015-01-24T12:39:32Z,60.229991,25.046652,32.099998,5.000000,88.199997,1.250000
2015-01-24T12:39:35Z,60.229996,25.046754,32.299999,4.000000,96.900002,1.250000
2015-01-24T12:39:36Z,60.230417,25.046009,0.000000,57.000000,0.000000,0.000000
2015-01-24T12:39:40Z,60.229987,25.046914,32.700001,7.000000,103.400002,1.500000
2015-01-24T12:39:43Z,60.230000,25.047005,33.099998,4.000000,0.000000,0.000000
2015-01-24T12:39:45Z,60.230017,25.047019,33.099998,4.000000,84.699997,0.750000
2015-01-24T12:39:48Z,60.230036,25.047086,33.799999,4.000000,66.500000,1.500000
2015-01-24T12:39:51Z,60.230064,25.047144,33.299999,4.000000,0.000000,0.000000
2015-01-24T12:39:52Z,60.230403,25.046078,0.000000,40.500000,0.000000,0.000000
2015-01-24T12:39:56Z,60.230081,25.047216,34.000000,4.000000,71.300003,1.000000
2015-01-24T12:39:59Z,60.230092,25.047311,36.099998,4.000000,73.099998,1.000000
2015-01-24T12:40:02Z,60.230108,25.047410,35.200001,5.000000,60.299999,1.250000
2015-01-24T12:40:03Z,60.230403,25.046079,0.000000,37.500000,0.000000,0.000000
2015-01-24T12:40:07Z,60.230136,25.047643,37.099998,4.000000,0.000000,0.000000
2015-01-24T12:40:09Z,60.230403,25.046079,0.000000,37.500000,0.000000,0.000000
2015-01-24T12:40:12Z,60.230159,25.047753,34.799999,4.000000,47.400002,1.000000
2015-01-24T12:40:15Z,60.230175,25.047832,33.299999,5.000000,69.500000,1.250000
2015-01-24T12:40:18Z,60.230195,25.047908,31.600000,6.000000,63.900002,1.250000
2015-01-24T12:40:20Z,60.230208,25.047959,31.500000,6.000000,65.400002,1.250000
2015-01-24T12:40:23Z,60.230207,25.048058,31.799999,6.000000,79.199997,1.250000
2015-01-24T12:40:24Z,60.230220,25.056025,0.000000,721.000000,0.000000,0.000000
2015-01-24T12:40:28Z,60.230222,25.048206,31.799999,8.000000,61.099998,1.500000
2015-01-24T12:40:30Z,60.230220,25.056025,0.000000,721.000000,0.000000,0.000000
2015-01-24T12:40:33Z,60.230250,25.048350,32.700001,11.000000,73.199997,1.500000
2015-01-24T12:40:36Z,60.230259,25.048455,32.299999,11.000000,74.699997,1.500000
2015-01-24T12:40:39Z,60.230278,25.048558,32.599998,11.000000,72.599998,1.500000
2015-01-24T12:40:40Z,60.233727,25.050952,0.000000,721.000000,0.000000,0.000000
2015-01-24T12:40:44Z,60.230283,25.048728,32.299999,11.000000,83.699997,1.500000
2015-01-24T12:40:47Z,60.230286,25.048838,33.500000,10.000000,66.300003,1.500000
2015-01-24T12:40:50Z,60.230274,25.048959,35.099998,11.000000,83.599998,1.500000
2015-01-24T12:40:52Z,60.230267,25.049034,35.200001,11.000000,86.699997,1.500000
2015-01-24T12:40:55Z,60.230263,25.049139,34.500000,11.000000,85.300003,1.500000
2015-01-24T12:40:56Z,60.230220,25.056025,0.000000,721.000000,0.000000,0.000000
2015-01-24T12:41:00Z,60.230269,25.049297,34.700001,10.000000,95.500000,1.500000
2015-01-24T12:41:02Z,60.230220,25.056025,0.000000,721.000000,0.000000,0.000000
2015-01-24T12:41:05Z,60.230257,25.049452,34.099998,10.000000,89.400002,1.500000
2015-01-24T12:41:08Z,60.230256,25.049542,34.200001,10.000000,90.699997,1.500000
2015-01-24T12:41:11Z,60.230259,25.049622,34.000000,10.000000,87.599998,1.500000
2015-01-24T12:41:14Z,60.230269,25.049701,32.700001,10.000000,74.900002,1.500000
2015-01-24T12:41:16Z,60.230279,25.049749,32.799999,10.000000,67.000000,1.500000
2015-01-24T12:41:19Z,60.230282,25.049818,33.200001,10.000000,94.800003,1.500000
2015-01-24T12:41:21Z,60.230266,25.049871,35.200001,9.000000,111.900002,1.500000
2015-01-24T12:41:24Z,60.230243,25.049941,34.200001,10.000000,115.500000,1.500000
2015-01-24T12:41:27Z,60.230216,25.050020,36.200001,9.000000,117.599998,1.500000
2015-01-24T12:41:28Z,60.230220,25.056025,0.000000,721.000000,0.000000,0.000000
2015-01-24T12:41:32Z,60.230160,25.050137,37.700001,10.000000,138.800003,1.500000
2015-01-24T12:41:34Z,60.230220,25.056025,0.000000,721.000000,0.000000,0.000000
2015-01-24T12:41:38Z,60.230094,25.050255,36.799999,10.000000,135.800003,1.500000
2015-01-24T12:41:39Z,60.230220,25.056025,0.000000,721.000000,0.000000,0.000000
2015-01-24T12:41:43Z,60.230030,25.050343,37.000000,10.000000,143.800003,1.500000
2015-01-24T12:41:46Z,60.229995,25.050401,36.799999,9.000000,141.500000,1.500000
2015-01-24T12:41:47Z,60.230220,25.056025,0.000000,721.000000,0.000000,0.000000
2015-01-24T12:41:51Z,60.229938,25.050494,38.000000,3.000000,141.100006,1.500000
2015-01-24T12:41:54Z,60.229906,25.050551,38.200001,4.000000,136.399994,1.500000
2015-01-24T12:41:55Z,60.230220,25.056025,0.000000,721.000000,0.000000,0.000000
2015-01-24T12:41:59Z,60.229855,25.050633,36.799999,4.000000,145.500000,1.500000
2015-01-24T12:42:02Z,60.229826,25.050676,36.799999,4.000000,143.500000,1.250000
2015-01-24T12:42:05Z,60.229796,25.050727,37.700001,3.000000,141.699997,1.500000
2015-01-24T12:42:07Z,60.230048,25.056809,0.000000,721.000000,0.000000,0.000000
2015-01-24T12:42:10Z,60.229731,25.050823,38.599998,3.000000,150.000000,1.500000
2015-01-24T12:42:13Z,60.229689,25.050848,37.700001,4.000000,162.699997,1.500000
2015-01-24T12:42:16Z,60.229649,25.050878,36.900002,4.000000,156.699997,1.500000
2015-01-24T12:42:17Z,60.230048,25.056809,0.000000,721.000000,0.000000,0.000000
2015-01-24T12:42:21Z,60.229583,25.050870,37.400002,4.000000,187.699997,1.500000
2015-01-24T12:42:24Z,60.229548,25.050871,37.900002,4.000000,178.899994,1.500000
2015-01-24T12:42:27Z,60.229541,25.050878,38.099998,4.000000,0.000000,0.000000
2015-01-24T12:42:28Z,60.228628,25.053208,0.000000,27.000000,0.000000,0.000000
2015-01-24T12:42:32Z,60.229508,25.050919,39.900002,4.000000,145.899994,1.000000
2015-01-24T12:42:35Z,60.229474,25.050980,40.799999,3.000000,142.500000,1.250000
2015-01-24T12:42:38Z,60.229436,25.051030,40.500000,4.000000,147.199997,1.250000
2015-01-24T12:42:41Z,60.229402,25.051077,41.500000,4.000000,143.000000,1.250000
2015-01-24T12:42:42Z,60.230048,25.056809,0.000000,721.000000,0.000000,0.000000
2015-01-24T12:42:46Z,60.229341,25.051146,41.400002,4.000000,152.699997,1.500000
2015-01-24T12:42:48Z,60.230048,25.056809,0.000000,721.000000,0.000000,0.000000
2015-01-24T12:42:51Z,60.229286,25.051222,40.599998,4.000000,142.600006,1.500000
2015-01-24T12:42:54Z,60.229254,25.051268,40.099998,4.000000,141.600006,1.500000
2015-01-24T12:42:57Z,60.229221,25.051315,41.799999,4.000000,142.899994,1.500000
2015-01-24T12:42:58Z,60.230048,25.056809,0.000000,721.000000,0.000000,0.000000
2015-01-24T12:43:02Z,60.229169,25.051402,43.500000,3.000000,131.500000,1.500000
2015-01-24T12:43:04Z,60.228628,25.053208,0.000000,27.000000,0.000000,0.000000
2015-01-24T12:43:07Z,60.229138,25.051544,44.700001,4.000000,108.900002,1.500000
2015-01-24T12:43:10Z,60.229132,25.051635,44.099998,4.000000,98.400002,1.500000
2015-01-24T12:43:13Z,60.229117,25.051728,44.299999,4.000000,108.199997,1.500000
2015-01-24T12:43:16Z,60.229100,25.051840,45.299999,4.000000,102.400002,2.000000
2015-01-24T12:43:17Z,60.231755,25.055824,0.000000,40.500000,0.000000,0.000000
2015-01-24T12:43:21Z,60.229102,25.051985,45.299999,4.000000,85.699997,1.500000
2015-01-24T12:43:23Z,60.231755,25.055824,0.000000,40.500000,0.000000,0.000000
2015-01-24T12:43:26Z,60.229103,25.052054,45.299999,4.000000,102.000000,1.000000
2015-01-24T12:43:29Z,60.229084,25.052127,45.900002,4.000000,118.900002,1.250000
2015-01-24T12:43:32Z,60.229058,25.052209,46.400002,4.000000,127.300003,1.500000
2015-01-24T12:43:34Z,60.229042,25.052259,45.900002,4.000000,124.400002,1.500000
2015-01-24T12:43:37Z,60.229012,25.052342,47.700001,4.000000,130.399994,1.500000
2015-01-24T12:43:38Z,60.228663,25.053158,0.000000,33.000000,0.000000,0.000000
2015-01-24T12:43:42Z,60.228957,25.052493,51.599998,4.000000,126.800003,1.750000
2015-01-24T12:43:44Z,60.228931,25.052558,51.900002,4.000000,129.399994,1.750000
2015-01-24T12:43:47Z,60.228899,25.052640,52.000000,4.000000,129.000000,1.750000
2015-01-24T12:43:50Z,60.228867,25.052727,54.400002,4.000000,129.699997,1.750000
2015-01-24T12:43:52Z,60.228488,25.053387,0.000000,44.375999,0.000000,0.000000
2015-01-24T12:43:55Z,60.228801,25.052830,52.500000,4.000000,151.500000,1.500000
2015-01-24T12:43:58Z,60.228760,25.052867,51.900002,4.000000,156.100006,1.500000
2015-01-24T12:44:00Z,60.228730,25.052886,52.400002,4.000000,165.399994,1.500000
2015-01-24T12:44:03Z,60.228687,25.052897,52.000000,4.000000,174.899994,1.500000
2015-01-24T12:44:06Z,60.228643,25.052904,52.099998,4.000000,177.699997,1.500000
2015-01-24T12:44:07Z,60.228575,25.053296,0.000000,39.000000,0.000000,0.000000
2015-01-24T12:44:11Z,60.228582,25.052907,51.799999,3.000000,176.300003,1.500000
2015-01-24T12:44:13Z,60.228576,25.053290,0.000000,36.000000,0.000000,0.000000
2015-01-24T12:44:17Z,60.228525,25.052937,53.200001,4.000000,149.500000,1.250000
2015-01-24T12:44:18Z,60.228583,25.053333,0.000000,39.000000,0.000000,0.000000
2015-01-24T12:44:22Z,60.228501,25.053046,52.500000,4.000000,115.099998,1.500000
2015-01-24T12:44:25Z,60.228488,25.053125,52.799999,4.000000,109.000000,1.500000
2015-01-24T12:44:27Z,60.228541,25.053378,0.000000,40.500000,0.000000,0.000000
2015-01-24T12:44:30Z,60.228472,25.053270,53.000000,4.000000,104.099998,1.500000
2015-01-24T12:44:33Z,60.228465,25.053352,53.000000,4.000000,102.400002,1.500000
2015-01-24T12:44:36Z,60.228461,25.053433,52.099998,4.000000,94.900002,1.500000
2015-01-24T12:44:37Z,60.228527,25.053530,0.000000,42.827999,0.000000,0.000000
2015-01-24T12:44:41Z,60.228453,25.053553,51.599998,4.000000,94.699997,1.500000
2015-01-24T12:44:44Z,60.228462,25.053616,51.299999,4.000000,84.000000,1.500000
2015-01-24T12:44:47Z,60.228477,25.053681,49.900002,4.000000,78.000000,1.500000
2015-01-24T12:44:48Z,60.228527,25.053649,0.000000,90.783997,0.000000,0.000000
2015-01-24T12:44:52Z,60.228477,25.053816,49.900002,4.000000,90.900002,1.500000
2015-01-24T12:44:55Z,60.228463,25.053915,50.500000,4.000000,105.300003,1.500000
2015-01-24T12:44:58Z,60.228458,25.054000,50.200001,4.000000,97.199997,1.500000
2015-01-24T12:44:59Z,60.228611,25.054106,0.000000,73.115997,0.000000,0.000000
2015-01-24T12:45:03Z,60.228476,25.054125,49.299999,4.000000,78.800003,1.500000
2015-01-24T12:45:05Z,60.228490,25.054168,48.900002,4.000000,74.000000,1.500000
2015-01-24T12:45:08Z,60.228497,25.054235,48.500000,4.000000,88.500000,1.500000
2015-01-24T12:45:10Z,60.228500,25.054281,48.400002,4.000000,88.400002,1.500000
2015-01-24T12:45:13Z,60.228496,25.054355,48.000000,4.000000,95.199997,1.500000
2015-01-24T12:45:16Z,60.228486,25.054433,48.799999,4.000000,98.300003,1.500000
2015-01-24T12:45:19Z,60.228476,25.054487,48.200001,4.000000,111.400002,1.000000
2015-01-24T12:45:21Z,60.228594,25.054600,0.000000,60.985001,0.000000,0.000000
2015-01-24T12:45:24Z,60.228454,25.054582,47.400002,4.000000,101.300003,1.250000
2015-01-24T12:45:27Z,60.228452,25.054662,48.099998,4.000000,85.599998,1.250000
2015-01-24T12:45:30Z,60.228455,25.054745,48.200001,4.000000,83.900002,1.500000
2015-01-24T12:45:31Z,60.228598,25.054696,0.000000,59.958000,0.000000,0.000000
2015-01-24T12:45:35Z,60.228457,25.054893,47.900002,4.000000,87.400002,1.500000
2015-01-24T12:45:38Z,60.228454,25.054982,48.099998,4.000000,92.699997,1.500000
2015-01-24T12:45:39Z,60.228586,25.055211,0.000000,44.625000,0.000000,0.000000
2015-01-24T12:45:43Z,60.228458,25.055130,49.000000,4.000000,83.300003,1.500000
2015-01-24T12:45:45Z,60.228626,25.055000,0.000000,43.033001,0.000000,0.000000
2015-01-24T12:45:49Z,60.228456,25.055293,47.299999,4.000000,87.300003,1.500000
2015-01-24T12:45:50Z,60.229961,25.057202,0.000000,721.000000,0.000000,0.000000
2015-01-24T12:45:54Z,60.228460,25.055435,47.099998,4.000000,80.599998,1.500000
2015-01-24T12:45:57Z,60.228468,25.055517,47.200001,4.000000,84.699997,1.500000
2015-01-24T12:46:00Z,60.228473,25.055595,46.400002,4.000000,84.500000,1.500000
2015-01-24T12:46:01Z,60.228637,25.055365,0.000000,55.902000,0.000000,0.000000
2015-01-24T12:46:05Z,60.228489,25.055727,47.099998,4.000000,82.800003,1.500000
2015-01-24T12:46:08Z,60.228496,25.055800,45.900002,4.000000,82.699997,1.500000
2015-01-24T12:46:11Z,60.228503,25.055878,45.799999,4.000000,84.000000,1.500000
2015-01-24T12:46:14Z,60.228507,25.055962,46.000000,7.000000,86.199997,1.500000
2015-01-24T12:46:15Z,60.228701,25.055215,0.000000,48.944000,0.000000,0.000000
2015-01-24T12:46:19Z,60.228520,25.056083,44.500000,4.000000,84.699997,1.500000
2015-01-24T12:46:21Z,60.228525,25.056111,46.400002,4.000000,59.000000,1.000000
2015-01-24T12:46:24Z,60.228525,25.056147,47.799999,3.000000,0.000000,0.000000
2015-01-24T12:46:26Z,60.228729,25.055211,0.000000,48.990002,0.000000,0.000000
2015-01-24T12:46:29Z,60.228516,25.056152,47.299999,4.000000,18.100000,0.250000
2015-01-24T12:46:32Z,60.228498,25.056151,46.400002,4.000000,18.100000,0.500000
2015-01-24T12:46:35Z,60.228481,25.056139,46.000000,3.000000,0.000000,0.000000
2015-01-24T12:46:37Z,60.228479,25.056138,46.299999,4.000000,0.000000,0.000000
2015-01-24T12:46:40Z,60.228484,25.056190,45.599998,4.000000,76.099998,1.250000
2015-01-24T12:46:43Z,60.228494,25.056229,45.700001,4.000000,0.000000,0.000000
2015-01-24T12:46:45Z,60.228764,25.055694,0.000000,30.000000,0.000000,0.000000
2015-01-24T12:46:48Z,60.228502,25.056246,45.799999,7.000000,80.400002,0.500000
2015-01-24T12:46:50Z,60.228502,25.056305,46.299999,3.000000,99.300003,1.500000
2015-01-24T12:46:53Z,60.228499,25.056390,46.400002,4.000000,108.699997,1.500000
2015-01-24T12:46:56Z,60.228483,25.056476,47.099998,4.000000,116.800003,1.500000
2015-01-24T12:46:58Z,60.228736,25.055410,0.000000,59.910000,0.000000,0.000000
2015-01-24T12:47:01Z,60.228444,25.056659,50.299999,4.000000,123.699997,1.750000
2015-01-24T12:47:03Z,60.228736,25.055410,0.000000,59.910000,0.000000,0.000000
2015-01-24T12:47:05Z,60.228736,25.055410,0.000000,59.910000,0.000000,0.000000
2015-01-24T12:47:09Z,60.228377,25.056919,51.500000,4.000000,118.500000,1.750000
2015-01-24T12:47:11Z,60.228736,25.055410,0.000000,59.910000,0.000000,0.000000
2015-01-24T12:47:13Z,60.228736,25.055410,0.000000,59.910000,0.000000,0.000000
2015-01-24T12:47:17Z,60.228330,25.057126,49.599998,4.000000,115.500000,1.750000
2015-01-24T12:47:18Z,60.229961,25.057202,0.000000,721.000000,0.000000,0.000000
2015-01-24T12:47:22Z,60.228303,25.057264,48.900002,4.000000,106.500000,1.750000
2015-01-24T12:47:23Z,60.229961,25.057202,0.000000,721.000000,0.000000,0.000000
2015-01-24T12:47:27Z,60.228284,25.057405,47.500000,4.000000,105.000000,1.500000
2015-01-24T12:47:29Z,60.228280,25.057459,47.099998,3.000000,103.300003,1.500000
2015-01-24T12:47:30Z,60.229961,25.057202,0.000000,721.000000,0.000000,0.000000
2015-01-24T12:47:34Z,60.228269,25.057611,47.200001,4.000000,101.500000,1.750000
2015-01-24T12:47:36Z,60.229961,25.057202,0.000000,721.000000,0.000000,0.000000
2015-01-24T12:47:39Z,60.228260,25.057768,46.799999,4.000000,93.900002,1.500000
2015-01-24T12:47:41Z,60.228258,25.057832,47.500000,4.000000,91.300003,1.500000
2015-01-24T12:47:43Z,60.229961,25.057202,0.000000,721.000000,0.000000,0.000000
2015-01-24T12:47:46Z,60.228257,25.057993,50.099998,4.000000,86.900002,1.750000
2015-01-24T12:47:47Z,60.229961,25.057202,0.000000,721.000000,0.000000,0.000000
2015-01-24T12:47:51Z,60.228268,25.058164,49.500000,3.000000,89.400002,1.750000
2015-01-24T12:47:52Z,60.229961,25.057202,0.000000,721.000000,0.000000,0.000000
2015-01-24T12:47:56Z,60.228271,25.058326,49.400002,4.000000,85.599998,1.750000
2015-01-24T12:47:57Z,60.229961,25.057202,0.000000,721.000000,0.000000,0.000000
2015-01-24T12:48:01Z,60.228251,25.058489,48.700001,3.000000,96.199997,1.750000
2015-01-24T12:48:02Z,60.229961,25.057202,0.000000,721.000000,0.000000,0.000000
2015-01-24T12:48:06Z,60.228248,25.058651,48.299999,4.000000,95.300003,1.750000
2015-01-24T12:48:07Z,60.229961,25.057202,0.000000,721.000000,0.000000,0.000000
2015-01-24T12:48:10Z,60.229961,25.057202,0.000000,721.000000,0.000000,0.000000
2015-01-24T12:48:13Z,60.228241,25.058875,47.700001,4.000000,90.500000,1.750000
2015-01-24T12:48:14Z,60.229961,25.057202,0.000000,721.000000,0.000000,0.000000
2015-01-24T12:48:18Z,60.228237,25.059011,45.700001,4.000000,106.099998,1.750000
2015-01-24T12:48:19Z,60.229961,25.057202,0.000000,721.000000,0.000000,0.000000
2015-01-24T12:48:23Z,60.228232,25.059159,46.000000,4.000000,92.900002,1.750000
2015-01-24T12:48:24Z,60.229961,25.057202,0.000000,721.000000,0.000000,0.000000
2015-01-24T12:48:28Z,60.228247,25.059322,48.099998,4.000000,91.800003,1.750000
2015-01-24T12:48:29Z,60.229961,25.057202,0.000000,721.000000,0.000000,0.000000
2015-01-24T12:48:33Z,60.228230,25.059489,48.700001,4.000000,104.199997,1.750000
2015-01-24T12:48:34Z,60.229961,25.057202,0.000000,721.000000,0.000000,0.000000
2015-01-24T12:48:38Z,60.228207,25.059659,49.099998,7.000000,103.500000,1.750000
2015-01-24T12:48:40Z,60.228211,25.059725,49.200001,4.000000,94.400002,1.750000
2015-01-24T12:48:42Z,60.229961,25.057202,0.000000,721.000000,0.000000,0.000000
2015-01-24T12:48:45Z,60.228217,25.059855,48.200001,4.000000,94.500000,1.750000
2015-01-24T12:48:46Z,60.229961,25.057202,0.000000,721.000000,0.000000,0.000000
2015-01-24T12:48:50Z,60.228215,25.059987,47.700001,3.000000,93.000000,1.750000
2015-01-24T12:48:52Z,60.228216,25.060041,47.400002,4.000000,94.699997,1.750000
2015-01-24T12:48:54Z,60.229961,25.057202,0.000000,721.000000,0.000000,0.000000
2015-01-24T12:48:57Z,60.228216,25.060178,47.400002,4.000000,95.699997,1.750000
2015-01-24T12:48:58Z,60.229961,25.057202,0.000000,721.000000,0.000000,0.000000
2015-01-24T12:49:02Z,60.228198,25.060314,46.599998,4.000000,101.699997,1.750000
2015-01-24T12:49:03Z,60.229961,25.057202,0.000000,721.000000,0.000000,0.000000
2015-01-24T12:49:07Z,60.228183,25.060439,46.299999,4.000000,106.699997,1.750000
2015-01-24T12:49:08Z,60.229961,25.057202,0.000000,721.000000,0.000000,0.000000
2015-01-24T12:49:11Z,60.229961,25.057202,0.000000,721.000000,0.000000,0.000000
2015-01-24T12:49:14Z,60.228154,25.060615,47.299999,4.000000,109.599998,1.500000
2015-01-24T12:49:16Z,60.229961,25.057202,0.000000,721.000000,0.000000,0.000000
2015-01-24T12:49:19Z,60.228119,25.060747,49.099998,4.000000,118.099998,1.500000
2015-01-24T12:49:20Z,60.229961,25.057202,0.000000,721.000000,0.000000,0.000000
2015-01-24T12:49:24Z,60.228080,25.060876,48.799999,4.000000,121.199997,1.500000
2015-01-24T12:49:25Z,60.229961,25.057202,0.000000,721.000000,0.000000,0.000000
2015-01-24T12:49:29Z,60.228042,25.060994,48.799999,4.000000,122.599998,1.750000
2015-01-24T12:49:32Z,60.228018,25.061058,49.000000,4.000000,124.599998,1.500000
2015-01-24T12:49:33Z,60.229961,25.057202,0.000000,721.000000,0.000000,0.000000
2015-01-24T12:49:37Z,60.227992,25.061126,49.099998,4.000000,123.599998,1.250000
2015-01-24T12:49:39Z,60.230048,25.056809,0.000000,721.000000,0.000000,0.000000
2015-01-24T12:49:42Z,60.227941,25.061274,49.099998,4.000000,118.500000,1.500000
2015-01-24T12:49:45Z,60.227925,25.061368,49.700001,4.000000,106.800003,1.500000
2015-01-24T12:49:46Z,60.227966,25.061333,0.000000,34.500000,0.000000,0.000000
2015-01-24T12:49:50Z,60.227885,25.061509,49.700001,3.000000,119.699997,1.500000
2015-01-24T12:49:53Z,60.227857,25.061574,48.900002,4.000000,131.699997,1.500000
2015-01-24T12:49:56Z,60.227845,25.061619,48.599998,3.000000,0.000000,0.000000
2015-01-24T12:49:58Z,60.227837,25.061654,48.700001,4.000000,118.900002,1.250000
2015-01-24T12:50:01Z,60.227821,25.061721,48.400002,4.000000,117.599998,1.500000
2015-01-24T12:50:02Z,60.227401,25.062720,0.000000,99.727997,0.000000,0.000000
2015-01-24T12:50:06Z,60.227793,25.061819,49.200001,3.000000,0.000000,0.000000
2015-01-24T12:50:08Z,60.227124,25.063676,0.000000,48.926998,0.000000,0.000000
2015-01-24T12:50:11Z,60.227762,25.061938,50.400002,4.000000,121.599998,1.750000
2015-01-24T12:50:14Z,60.227737,25.062022,51.400002,4.000000,124.099998,1.500000
2015-01-24T12:50:17Z,60.227712,25.062096,50.799999,4.000000,131.600006,1.250000
2015-01-24T12:50:18Z,60.227219,25.063234,0.000000,70.736000,0.000000,0.000000
2015-01-24T12:50:22Z,60.227682,25.062183,49.599998,3.000000,123.599998,1.250000
2015-01-24T12:50:24Z,60.227286,25.063210,0.000000,75.059998,0.000000,0.000000
2015-01-24T12:50:27Z,60.227631,25.062297,48.400002,4.000000,130.300003,1.250000
2015-01-24T12:50:30Z,60.227613,25.062334,48.799999,5.000000,0.000000,0.000000
2015-01-24T12:50:32Z,60.227602,25.062356,49.400002,3.000000,0.000000,0.000000
2015-01-24T12:50:35Z,60.227576,25.062399,48.799999,4.000000,144.100006,1.250000
2015-01-24T12:50:38Z,60.227554,25.062428,48.200001,4.000000,0.000000,0.000000
2015-01-24T12:50:40Z,60.227056,25.063927,0.000000,49.500000,0.000000,0.000000
2015-01-24T12:50:43Z,60.227503,25.062491,49.599998,9.000000,152.800003,1.250000
2015-01-24T12:50:46Z,60.227457,25.062567,49.900002,9.000000,142.500000,1.500000
2015-01-24T12:50:49Z,60.227416,25.062642,47.900002,9.000000,142.300003,1.500000
2015-01-24T12:50:50Z,60.227007,25.064060,0.000000,49.500000,0.000000,0.000000
2015-01-24T12:50:54Z,60.227353,25.062738,48.799999,10.000000,151.699997,1.250000
2015-01-24T12:50:57Z,60.227315,25.062805,47.400002,9.000000,147.100006,1.250000
2015-01-24T12:51:00Z,60.227275,25.062860,47.299999,9.000000,149.800003,1.250000
2015-01-24T12:51:01Z,60.226941,25.064302,0.000000,37.500000,0.000000,0.000000
2015-01-24T12:51:05Z,60.227238,25.062926,49.200001,3.000000,0.000000,0.000000
2015-01-24T12:51:07Z,60.226952,25.064250,0.000000,36.000000,0.000000,0.000000
2015-01-24T12:51:10Z,60.227177,25.062977,50.799999,4.000000,172.399994,1.250000
2015-01-24T12:51:13Z,60.227134,25.062988,50.599998,4.000000,191.600006,1.000000
2015-01-24T12:51:16Z,60.227096,25.063018,50.700001,3.000000,163.600006,1.000000
2015-01-24T12:51:17Z,60.226933,25.064445,0.000000,40.500000,0.000000,0.000000
2015-01-24T12:51:21Z,60.227032,25.063117,53.500000,4.000000,149.100006,1.250000
2015-01-24T12:51:24Z,60.226990,25.063185,53.400002,4.000000,142.800003,1.250000
2015-01-24T12:51:25Z,60.226863,25.064360,0.000000,36.000000,0.000000,0.000000
2015-01-24T12:51:29Z,60.226917,25.063222,53.400002,4.000000,198.399994,1.250000
2015-01-24T12:51:32Z,60.226883,25.063177,53.099998,4.000000,214.300003,1.250000
2015-01-24T12:51:34Z,60.225267,25.063334,0.000000,54.000000,0.000000,0.000000
2015-01-24T12:51:36Z,60.225128,25.063472,0.000000,34.500000,0.000000,0.000000
2015-01-24T12:51:40Z,60.226792,25.063007,52.099998,4.000000,214.600006,1.500000
2015-01-24T12:51:42Z,60.225922,25.062332,0.000000,55.500000,0.000000,0.000000
2015-01-24T12:51:45Z,60.226730,25.062904,52.000000,4.000000,216.100006,1.500000
2015-01-24T12:51:48Z,60.226684,25.062835,51.599998,4.000000,217.899994,1.750000
2015-01-24T12:51:51Z,60.226652,25.062755,50.400002,3.000000,231.600006,1.500000
2015-01-24T12:51:54Z,60.226633,25.062678,49.099998,4.000000,242.899994,1.500000
2015-01-24T12:51:57Z,60.226610,25.062603,49.400002,3.000000,237.199997,1.500000
2015-01-24T12:51:59Z,60.226593,25.062555,49.599998,4.000000,235.500000,1.500000
2015-01-24T12:52:02Z,60.226568,25.062485,48.299999,3.000000,234.399994,1.500000
2015-01-24T12:52:03Z,60.225900,25.062274,0.000000,51.742001,0.000000,0.000000
2015-01-24T12:52:07Z,60.226539,25.062367,48.099998,4.000000,238.800003,1.500000
2015-01-24T12:52:10Z,60.226513,25.062297,48.400002,4.000000,229.899994,1.500000
2015-01-24T12:52:13Z,60.226483,25.062219,49.700001,3.000000,234.600006,1.500000
2015-01-24T12:52:14Z,60.225807,25.061963,0.000000,43.500000,0.000000,0.000000
2015-01-24T12:52:18Z,60.226429,25.062096,50.200001,3.000000,228.899994,1.500000
2015-01-24T12:52:21Z,60.226399,25.062019,49.799999,4.000000,234.600006,1.500000
2015-01-24T12:52:22Z,60.225840,25.062182,0.000000,42.000000,0.000000,0.000000
2015-01-24T12:52:26Z,60.226346,25.061905,48.500000,4.000000,225.699997,1.500000
2015-01-24T12:52:29Z,60.226308,25.061846,48.400002,4.000000,221.600006,1.500000
2015-01-24T12:52:30Z,60.225739,25.062136,0.000000,37.500000,0.000000,0.000000
2015-01-24T12:52:34Z,60.226248,25.061737,48.900002,4.000000,229.800003,1.500000
2015-01-24T12:52:37Z,60.226218,25.061655,51.900002,4.000000,230.899994,1.750000
2015-01-24T12:52:39Z,60.225920,25.061878,0.000000,45.000000,0.000000,0.000000
2015-01-24T12:52:42Z,60.226181,25.061558,51.200001,3.000000,231.800003,0.750000
2015-01-24T12:52:44Z,60.225881,25.061834,0.000000,42.000000,0.000000,0.000000
2015-01-24T12:52:47Z,60.226143,25.061439,50.700001,4.000000,233.100006,1.500000
2015-01-24T12:52:50Z,60.226116,25.061374,49.900002,4.000000,229.800003,1.500000
2015-01-24T12:52:53Z,60.226083,25.061315,49.099998,4.000000,218.399994,1.500000
2015-01-24T12:52:56Z,60.226043,25.061259,50.700001,3.000000,216.600006,1.750000
2015-01-24T12:52:59Z,60.226004,25.061188,50.700001,4.000000,220.399994,1.750000
2015-01-24T12:53:02Z,60.225967,25.061123,51.400002,4.000000,217.000000,1.750000
2015-01-24T12:53:03Z,60.225786,25.061676,0.000000,157.386002,0.000000,0.000000
2015-01-24T12:53:07Z,60.225909,25.061031,49.700001,4.000000,213.500000,1.500000
2015-01-24T12:53:10Z,60.225871,25.060970,51.000000,4.000000,216.199997,1.500000
2015-01-24T12:53:13Z,60.225840,25.060925,48.500000,3.000000,213.699997,1.500000
2015-01-24T12:53:16Z,60.225811,25.060881,47.900002,3.000000,216.000000,1.500000
2015-01-24T12:53:17Z,60.225703,25.061773,0.000000,157.149994,0.000000,0.000000
2015-01-24T12:53:21Z,60.225756,25.060786,48.799999,4.000000,226.300003,1.500000
2015-01-24T12:53:24Z,60.225718,25.060702,49.400002,3.000000,221.899994,1.750000
2015-01-24T12:53:27Z,60.225670,25.060662,47.799999,3.000000,205.300003,1.750000
2015-01-24T12:53:28Z,60.225615,25.061851,0.000000,156.410995,0.000000,0.000000
2015-01-24T12:53:32Z,60.225611,25.060574,46.799999,6.000000,222.199997,1.500000
2015-01-24T12:53:35Z,60.225571,25.060526,47.099998,4.000000,204.899994,1.500000
2015-01-24T12:53:38Z,60.225532,25.060482,47.900002,4.000000,212.199997,1.500000
2015-01-24T12:53:39Z,60.225081,25.060704,0.000000,89.319000,0.000000,0.000000
2015-01-24T12:53:43Z,60.225466,25.060401,49.299999,4.000000,208.899994,1.500000
2015-01-24T12:53:46Z,60.225427,25.060348,49.599998,3.000000,217.100006,1.500000
2015-01-24T12:53:48Z,60.225096,25.060442,0.000000,78.059998,0.000000,0.000000
2015-01-24T12:53:51Z,60.225367,25.060285,47.099998,4.000000,207.399994,1.500000
2015-01-24T12:53:54Z,60.225333,25.060247,47.000000,4.000000,207.000000,1.500000
2015-01-24T12:53:57Z,60.225295,25.060201,46.700001,3.000000,211.100006,1.500000
2015-01-24T12:53:58Z,60.225213,25.060221,0.000000,72.753998,0.000000,0.000000
2015-01-24T12:54:02Z,60.225230,25.060105,46.299999,4.000000,216.100006,1.500000
2015-01-24T12:54:04Z,60.225122,25.059945,0.000000,57.591000,0.000000,0.000000
2015-01-24T12:54:08Z,60.225153,25.059992,45.799999,3.000000,212.899994,1.500000
2015-01-24T12:54:10Z,60.224594,25.060196,0.000000,67.683998,0.000000,0.000000
2015-01-24T12:54:13Z,60.225098,25.059923,44.500000,4.000000,198.000000,1.500000
2015-01-24T12:54:16Z,60.225057,25.059891,45.200001,4.000000,202.100006,1.500000
2015-01-24T12:54:17Z,60.224756,25.060375,0.000000,72.135002,0.000000,0.000000
2015-01-24T12:54:21Z,60.225002,25.059814,43.500000,3.000000,208.800003,1.500000
2015-01-24T12:54:24Z,60.224962,25.059764,44.900002,4.000000,208.800003,1.500000
2015-01-24T12:54:25Z,60.224828,25.060272,0.000000,66.925003,0.000000,0.000000
2015-01-24T12:54:29Z,60.224895,25.059659,44.900002,4.000000,219.100006,1.500000
2015-01-24T12:54:32Z,60.224856,25.059617,43.500000,4.000000,205.899994,1.500000
2015-01-24T12:54:34Z,60.224515,25.060361,0.000000,77.464996,0.000000,0.000000
2015-01-24T12:54:37Z,60.224802,25.059531,43.099998,4.000000,219.500000,1.500000
2015-01-24T12:54:40Z,60.224767,25.059480,41.700001,4.000000,210.899994,1.500000
2015-01-24T12:54:42Z,60.224742,25.059452,42.000000,4.000000,207.300003,1.500000
2015-01-24T12:54:45Z,60.224706,25.059404,42.099998,4.000000,214.500000,1.500000
2015-01-24T12:54:48Z,60.224672,25.059354,42.200001,3.000000,212.600006,1.500000
2015-01-24T12:54:51Z,60.224637,25.059307,42.599998,4.000000,211.100006,1.500000
2015-01-24T12:54:54Z,60.224606,25.059259,41.900002,4.000000,205.899994,1.500000
2015-01-24T12:54:56Z,60.224582,25.059235,42.400002,4.000000,202.399994,1.250000
2015-01-24T12:54:59Z,60.224546,25.059187,42.400002,4.000000,209.800003,1.250000
2015-01-24T12:55:02Z,60.224510,25.059127,42.500000,4.000000,213.600006,1.500000
2015-01-24T12:55:04Z,60.224484,25.059091,42.799999,4.000000,212.500000,1.500000
2015-01-24T12:55:07Z,60.224444,25.059035,43.299999,4.000000,214.699997,1.500000
2015-01-24T12:55:08Z,60.224208,25.059584,0.000000,91.905998,0.000000,0.000000
2015-01-24T12:55:12Z,60.224382,25.058941,42.799999,3.000000,215.699997,1.500000
2015-01-24T12:55:14Z,60.224361,25.058894,42.200001,4.000000,226.600006,1.500000
2015-01-24T12:55:17Z,60.224339,25.058812,42.599998,4.000000,245.199997,1.500000
2015-01-24T12:55:18Z,60.224260,25.059554,0.000000,64.299004,0.000000,0.000000
2015-01-24T12:55:22Z,60.224325,25.058657,43.200001,7.000000,260.899994,1.500000
2015-01-24T12:55:24Z,60.224266,25.059646,0.000000,66.167999,0.000000,0.000000
2015-01-24T12:55:27Z,60.224338,25.058527,42.700001,4.000000,284.000000,1.500000
2015-01-24T12:55:30Z,60.224338,25.058446,42.799999,3.000000,259.600006,1.500000
2015-01-24T12:55:33Z,60.224300,25.058394,45.500000,4.000000,208.399994,1.500000
2015-01-24T12:55:34Z,60.224191,25.059655,0.000000,36.000000,0.000000,0.000000
2015-01-24T12:55:38Z,60.224235,25.058323,43.900002,5.000000,215.399994,1.500000
2015-01-24T12:55:41Z,60.224191,25.058264,43.700001,4.000000,215.600006,1.750000
2015-01-24T12:55:43Z,60.224164,25.058224,44.099998,4.000000,217.800003,1.750000
2015-01-24T12:55:46Z,60.224120,25.058177,45.099998,4.000000,206.600006,1.750000
2015-01-24T12:55:49Z,60.224082,25.058141,45.099998,4.000000,199.500000,1.750000
2015-01-24T12:55:50Z,60.223834,25.059546,0.000000,35.601002,0.000000,0.000000
2015-01-24T12:55:54Z,60.224038,25.058033,45.200001,4.000000,232.500000,1.500000
2015-01-24T12:55:57Z,60.224004,25.057990,43.700001,3.000000,210.500000,1.500000
2015-01-24T12:55:58Z,60.223589,25.059103,0.000000,75.000000,0.000000,0.000000
2015-01-24T12:56:02Z,60.223946,25.057905,44.400002,4.000000,219.000000,1.500000
2015-01-24T12:56:04Z,60.223254,25.058764,0.000000,40.500000,0.000000,0.000000
2015-01-24T12:56:08Z,60.223910,25.057748,42.900002,5.000000,251.199997,1.500000
2015-01-24T12:56:09Z,60.223399,25.058087,0.000000,49.500000,0.000000,0.000000
2015-01-24T12:56:13Z,60.223916,25.057623,39.200001,4.000000,278.899994,1.500000
2015-01-24T12:56:15Z,60.223926,25.057575,39.500000,4.000000,288.299988,1.500000
2015-01-24T12:56:18Z,60.223942,25.057502,39.900002,4.000000,290.500000,1.500000
2015-01-24T12:56:21Z,60.223958,25.057427,39.299999,4.000000,295.299988,1.500000
2015-01-24T12:56:22Z,60.223668,25.057278,0.000000,43.500000,0.000000,0.000000
2015-01-24T12:56:26Z,60.223994,25.057312,37.700001,4.000000,295.700012,1.500000
2015-01-24T12:56:29Z,60.224013,25.057234,38.799999,4.000000,295.200012,1.500000
2015-01-24T12:56:32Z,60.224034,25.057149,38.400002,4.000000,292.700012,1.500000
2015-01-24T12:56:35Z,60.224057,25.057066,38.599998,4.000000,295.799988,1.500000
2015-01-24T12:56:37Z,60.224071,25.057005,39.099998,4.000000,291.000000,1.500000
2015-01-24T12:56:40Z,60.224089,25.056913,37.900002,4.000000,292.799988,1.500000
2015-01-24T12:56:43Z,60.224107,25.056830,37.000000,4.000000,288.600006,1.500000
2015-01-24T12:56:45Z,60.224120,25.056779,37.400002,4.000000,294.600006,1.500000
2015-01-24T12:56:48Z,60.224139,25.056703,37.299999,4.000000,292.399994,1.500000
2015-01-24T12:56:50Z,60.224199,25.056856,0.000000,69.000000,0.000000,0.000000
2015-01-24T12:56:53Z,60.224167,25.056571,38.200001,4.000000,295.100006,1.500000
2015-01-24T12:56:55Z,60.224264,25.057457,0.000000,82.872002,0.000000,0.000000
2015-01-24T12:56:58Z,60.224197,25.056424,37.700001,4.000000,292.799988,1.500000
2015-01-24T12:57:01Z,60.224215,25.056338,36.900002,4.000000,292.799988,1.500000
2015-01-24T12:57:04Z,60.224233,25.056255,36.799999,4.000000,293.700012,1.500000
2015-01-24T12:57:07Z,60.224254,25.056166,37.400002,10.000000,294.399994,1.500000
2015-01-24T12:57:10Z,60.224273,25.056065,38.099998,10.000000,290.799988,1.500000
2015-01-24T12:57:13Z,60.224295,25.055977,36.700001,9.000000,295.399994,1.500000
2015-01-24T12:57:14Z,60.224394,25.056041,0.000000,51.000000,0.000000,0.000000
2015-01-24T12:57:18Z,60.224322,25.055838,35.200001,10.000000,287.500000,1.500000
2015-01-24T12:57:20Z,60.224066,25.055580,0.000000,64.500000,0.000000,0.000000
2015-01-24T12:57:23Z,60.224336,25.055689,35.200001,10.000000,277.600006,1.500000
2015-01-24T12:57:26Z,60.224342,25.055599,35.000000,10.000000,283.100006,1.500000
2015-01-24T12:57:29Z,60.224351,25.055501,37.400002,10.000000,284.500000,1.500000
2015-01-24T12:57:30Z,60.224135,25.055794,0.000000,94.500000,0.000000,0.000000
2015-01-24T12:57:34Z,60.224387,25.055353,40.299999,10.000000,310.700012,1.500000
2015-01-24T12:57:37Z,60.224405,25.055284,39.400002,9.000000,301.600006,1.250000
2015-01-24T12:57:40Z,60.224423,25.055226,39.099998,10.000000,313.299988,1.250000
2015-01-24T12:57:41Z,60.224154,25.055241,0.000000,79.500000,0.000000,0.000000
2015-01-24T12:57:45Z,60.224426,25.055202,39.599998,3.000000,314.299988,0.500000
2015-01-24T12:57:48Z,60.224413,25.055160,39.599998,4.000000,234.500000,0.750000
2015-01-24T12:57:51Z,60.224397,25.055131,40.700001,3.000000,0.000000,0.000000
2015-01-24T12:57:52Z,60.224487,25.055340,0.000000,139.503998,0.000000,0.000000
2015-01-24T12:57:56Z,60.224389,25.055107,41.099998,4.000000,226.800003,0.500000
2015-01-24T12:57:58Z,60.224138,25.055357,0.000000,66.776001,0.000000,0.000000
2015-01-24T12:58:01Z,60.224346,25.055137,41.500000,4.000000,141.000000,1.500000
2015-01-24T12:58:04Z,60.224309,25.055132,41.000000,3.000000,188.500000,1.500000
2015-01-24T12:58:07Z,60.224274,25.055057,41.500000,4.000000,212.100006,1.500000
2015-01-24T12:58:09Z,60.224252,25.055007,41.299999,4.000000,219.199997,1.500000
2015-01-24T12:58:12Z,60.224218,25.054942,41.799999,4.000000,217.699997,1.500000
2015-01-24T12:58:15Z,60.224182,25.054887,42.900002,4.000000,211.500000,1.500000
2015-01-24T12:58:17Z,60.224157,25.054846,43.299999,4.000000,215.399994,1.750000
2015-01-24T12:58:20Z,60.224123,25.054800,43.599998,3.000000,0.000000,0.000000
2015-01-24T12:58:23Z,60.224103,25.054780,44.400002,4.000000,210.500000,1.000000
2015-01-24T12:58:25Z,60.224078,25.054747,44.400002,4.000000,211.699997,1.500000
2015-01-24T12:58:28Z,60.224035,25.054696,46.700001,4.000000,205.199997,1.500000
2015-01-24T12:58:30Z,60.224001,25.054667,47.299999,4.000000,202.300003,1.750000
2015-01-24T12:58:32Z,60.223969,25.054648,47.500000,4.000000,197.300003,1.750000
2015-01-24T12:58:35Z,60.223924,25.054615,46.200001,4.000000,198.100006,1.750000
2015-01-24T12:58:37Z,60.223894,25.054598,45.799999,3.000000,194.000000,1.500000
2015-01-24T12:58:40Z,60.223851,25.054564,45.900002,4.000000,198.500000,1.500000
2015-01-24T12:58:43Z,60.223809,25.054528,45.900002,5.000000,197.899994,1.500000
2015-01-24T12:58:44Z,60.223495,25.054911,0.000000,39.391998,0.000000,0.000000
2015-01-24T12:58:48Z,60.223751,25.054511,43.900002,4.000000,184.199997,1.000000
2015-01-24T12:58:51Z,60.223720,25.054501,44.599998,6.000000,190.399994,1.250000
2015-01-24T12:58:54Z,60.223666,25.054467,44.400002,4.000000,196.600006,1.750000
2015-01-24T12:58:55Z,60.223434,25.054841,0.000000,45.467999,0.000000,0.000000
2015-01-24T12:58:59Z,60.223599,25.054421,44.200001,4.000000,196.500000,1.500000
2015-01-24T12:59:02Z,60.223558,25.054398,46.299999,4.000000,195.199997,1.500000
2015-01-24T12:59:05Z,60.223516,25.054377,46.799999,4.000000,190.899994,1.500000
2015-01-24T12:59:08Z,60.223472,25.054353,46.099998,4.000000,194.800003,1.500000
2015-01-24T12:59:11Z,60.223432,25.054330,44.500000,4.000000,194.399994,1.500000
2015-01-24T12:59:14Z,60.223397,25.054310,43.299999,4.000000,193.000000,1.500000
2015-01-24T12:59:17Z,60.223358,25.054276,45.799999,4.000000,209.000000,1.500000
2015-01-24T12:59:20Z,60.223310,25.054217,44.500000,4.000000,209.300003,1.500000
2015-01-24T12:59:21Z,60.223205,25.054674,0.000000,38.213001,0.000000,0.000000
2015-01-24T12:59:25Z,60.223242,25.054126,43.099998,4.000000,218.000000,1.500000
2015-01-24T12:59:28Z,60.223205,25.054067,42.900002,3.000000,219.300003,1.500000
2015-01-24T12:59:31Z,60.223171,25.054008,41.599998,4.000000,222.800003,1.500000
2015-01-24T12:59:34Z,60.223132,25.053941,42.299999,4.000000,219.800003,1.750000
2015-01-24T12:59:35Z,60.220343,25.059388,0.000000,615.000000,0.000000,0.000000
2015-01-24T12:59:39Z,60.223067,25.053827,40.900002,3.000000,217.800003,1.750000
2015-01-24T12:59:42Z,60.223041,25.053753,39.400002,4.000000,232.600006,1.750000
2015-01-24T12:59:45Z,60.223001,25.053672,41.900002,4.000000,226.100006,1.750000
2015-01-24T12:59:46Z,60.222729,25.053363,0.000000,62.324001,0.000000,0.000000
2015-01-24T12:59:50Z,60.222938,25.053550,41.599998,3.000000,225.699997,1.750000
2015-01-24T12:59:52Z,60.222916,25.053502,42.000000,3.000000,225.800003,1.750000
2015-01-24T12:59:55Z,60.222902,25.053478,41.799999,4.000000,0.000000,0.000000
2015-01-24T12:59:57Z,60.222642,25.053190,0.000000,39.542999,0.000000,0.000000
2015-01-24T13:00:00Z,60.222879,25.053428,41.799999,4.000000,229.000000,1.000000
2015-01-24T13:00:03Z,60.222843,25.053343,41.200001,4.000000,230.199997,1.750000
2015-01-24T13:00:06Z,60.222835,25.053321,40.599998,3.000000,0.000000,0.000000
2015-01-24T13:00:09Z,60.222816,25.053278,39.799999,4.000000,225.800003,1.250000
2015-01-24T13:00:12Z,60.222784,25.053214,39.400002,4.000000,225.500000,1.500000
2015-01-24T13:00:13Z,60.222501,25.053132,0.000000,50.175999,0.000000,0.000000
2015-01-24T13:00:17Z,60.222731,25.053108,39.900002,4.000000,224.899994,1.500000
2015-01-24T13:00:20Z,60.222705,25.053056,41.099998,4.000000,0.000000,0.000000
2015-01-24T13:00:22Z,60.222690,25.053029,41.099998,4.000000,220.300003,1.000000
2015-01-24T13:00:25Z,60.222659,25.052965,40.299999,3.000000,229.899994,1.250000
2015-01-24T13:00:28Z,60.222630,25.052895,39.099998,4.000000,223.699997,1.250000
2015-01-24T13:00:31Z,60.222587,25.052826,40.200001,3.000000,221.800003,1.750000
2015-01-24T13:00:34Z,60.222548,25.052741,40.200001,3.000000,226.399994,1.750000
2015-01-24T13:00:37Z,60.222513,25.052664,40.599998,3.000000,227.699997,1.500000
2015-01-24T13:00:40Z,60.222480,25.052588,40.500000,4.000000,226.899994,1.500000
2015-01-24T13:00:41Z,60.222391,25.052994,0.000000,32.390999,0.000000,0.000000
2015-01-24T13:00:45Z,60.222436,25.052480,38.200001,4.000000,229.899994,1.500000
2015-01-24T13:00:47Z,60.222416,25.052444,37.900002,3.000000,222.300003,1.500000
2015-01-24T13:00:50Z,60.222382,25.052381,38.299999,4.000000,221.100006,1.500000
2015-01-24T13:00:51Z,60.221101,25.057636,0.000000,541.000000,0.000000,0.000000
2015-01-24T13:00:55Z,60.222322,25.052268,39.299999,3.000000,216.100006,1.500000
2015-01-24T13:00:57Z,60.222110,25.052474,0.000000,36.887001,0.000000,0.000000
2015-01-24T13:01:01Z,60.222238,25.052136,38.700001,3.000000,215.300003,1.750000
2015-01-24T13:01:02Z,60.222035,25.052058,0.000000,27.000000,0.000000,0.000000
2015-01-24T13:01:06Z,60.222169,25.052063,38.700001,3.000000,207.300003,1.500000
2015-01-24T13:01:09Z,60.222128,25.052019,39.500000,5.000000,207.300003,1.500000
2015-01-24T13:01:10Z,60.222043,25.052069,0.000000,27.000000,0.000000,0.000000
2015-01-24T13:01:14Z,60.222056,25.051955,38.700001,4.000000,202.100006,1.750000
2015-01-24T13:01:17Z,60.222016,25.051903,40.299999,4.000000,214.100006,1.750000
2015-01-24T13:01:18Z,60.221971,25.052253,0.000000,40.181999,0.000000,0.000000
2015-01-24T13:01:22Z,60.221934,25.051836,41.099998,4.000000,202.899994,1.750000
2015-01-24T13:01:25Z,60.221893,25.051795,40.500000,3.000000,207.800003,1.750000
2015-01-24T13:01:26Z,60.221702,25.051472,0.000000,55.368000,0.000000,0.000000
2015-01-24T13:01:30Z,60.221822,25.051743,40.599998,4.000000,199.899994,1.750000
2015-01-24T13:01:33Z,60.221778,25.051715,40.900002,4.000000,199.500000,1.750000
2015-01-24T13:01:36Z,60.221740,25.051696,40.200001,4.000000,188.399994,1.500000
2015-01-24T13:01:37Z,60.221695,25.051463,0.000000,55.544998,0.000000,0.000000
2015-01-24T13:01:41Z,60.221693,25.051663,38.500000,4.000000,200.500000,1.250000
2015-01-24T13:01:44Z,60.221664,25.051616,38.700001,3.000000,232.199997,1.250000
2015-01-24T13:01:46Z,60.221619,25.051434,0.000000,61.129002,0.000000,0.000000
2015-01-24T13:01:49Z,60.221676,25.051594,37.299999,3.000000,0.000000,0.000000
2015-01-24T13:01:52Z,60.221679,25.051595,37.099998,3.000000,0.000000,0.000000
2015-01-24T13:01:55Z,60.221686,25.051599,37.500000,5.000000,254.500000,0.250000
2015-01-24T13:01:56Z,60.221730,25.051363,0.000000,57.335999,0.000000,0.000000
2015-01-24T13:02:00Z,60.221709,25.051607,36.500000,4.000000,0.000000,0.000000
2015-01-24T13:02:03Z,60.221700,25.051607,36.299999,5.000000,254.500000,0.500000
2015-01-24T13:02:06Z,60.221667,25.051627,37.799999,5.000000,163.300003,1.000000
2015-01-24T13:02:08Z,60.221671,25.051617,37.700001,3.000000,0.000000,0.000000
2015-01-24T13:02:11Z,60.221670,25.051616,37.700001,5.000000,0.000000,0.000000
2015-01-24T13:02:13Z,60.221671,25.051615,38.000000,3.000000,0.000000,0.000000
2015-01-24T13:02:16Z,60.221671,25.051616,38.000000,3.000000,0.000000,0.000000
2015-01-24T13:02:17Z,60.221578,25.051338,0.000000,42.000000,0.000000,0.000000
2015-01-24T13:02:21Z,60.221670,25.051614,38.099998,3.000000,0.000000,0.000000
2015-01-24T13:02:24Z,60.221669,25.051614,38.099998,3.000000,0.000000,0.000000
2015-01-24T13:02:27Z,60.221669,25.051613,38.099998,4.000000,0.000000,0.000000
2015-01-24T13:02:28Z,60.221674,25.051559,0.000000,53.508999,0.000000,0.000000
2015-01-24T13:02:32Z,60.221669,25.051613,38.099998,4.000000,0.000000,0.000000
2015-01-24T13:02:35Z,60.221669,25.051613,38.099998,4.000000,0.000000,0.000000
2015-01-24T13:02:36Z,60.221589,25.051487,0.000000,61.348999,0.000000,0.000000
2015-01-24T13:02:40Z,60.221631,25.051608,37.900002,3.000000,182.300003,1.500000
2015-01-24T13:02:42Z,60.221605,25.051604,37.400002,3.000000,0.000000,0.000000
2015-01-24T13:02:45Z,60.221578,25.051598,37.700001,5.000000,186.600006,1.000000
2015-01-24T13:02:46Z,60.221715,25.051585,0.000000,53.077000,0.000000,0.000000
2015-01-24T13:02:50Z,60.221533,25.051559,39.000000,6.000000,204.699997,1.000000
2015-01-24T13:02:53Z,60.221482,25.051511,38.000000,5.000000,207.500000,1.750000
2015-01-24T13:02:56Z,60.221461,25.051526,37.900002,3.000000,0.000000,0.000000
2015-01-24T13:02:57Z,60.221535,25.051414,0.000000,26.000000,0.000000,0.000000
2015-01-24T13:03:01Z,60.221395,25.051513,37.299999,3.000000,191.899994,1.500000
2015-01-24T13:03:04Z,60.221345,25.051492,37.400002,3.000000,196.899994,1.750000
2015-01-24T13:03:07Z,60.221295,25.051468,37.500000,5.000000,195.699997,1.750000
2015-01-24T13:03:10Z,60.221244,25.051438,36.400002,5.000000,200.800003,1.750000
2015-01-24T13:03:13Z,60.221191,25.051406,35.599998,3.000000,199.899994,1.750000
2015-01-24T13:03:16Z,60.221143,25.051380,34.299999,4.000000,197.899994,1.750000
2015-01-24T13:03:17Z,60.221078,25.051036,0.000000,81.192001,0.000000,0.000000
2015-01-24T13:03:21Z,60.221075,25.051311,33.799999,4.000000,210.199997,1.500000
2015-01-24T13:03:24Z,60.221032,25.051263,34.000000,5.000000,210.500000,1.750000
2015-01-24T13:03:27Z,60.220987,25.051205,34.299999,5.000000,214.800003,1.750000
2015-01-24T13:03:28Z,60.220638,25.051068,0.000000,81.453003,0.000000,0.000000
2015-01-24T13:03:32Z,60.220922,25.051104,35.299999,5.000000,218.699997,1.750000
2015-01-24T13:03:35Z,60.220887,25.051055,35.799999,3.000000,0.000000,0.000000
2015-01-24T13:03:38Z,60.220861,25.051008,36.200001,5.000000,224.399994,1.250000
2015-01-24T13:03:41Z,60.220829,25.050933,35.799999,5.000000,233.300003,1.500000
2015-01-24T13:03:42Z,60.220380,25.050968,0.000000,40.500000,0.000000,0.000000
2015-01-24T13:03:46Z,60.220768,25.050767,37.799999,3.000000,232.600006,1.750000
2015-01-24T13:03:49Z,60.220738,25.050690,37.700001,4.000000,233.899994,1.750000
2015-01-24T13:03:51Z,60.220740,25.050743,0.000000,105.290001,0.000000,0.000000
2015-01-24T13:03:54Z,60.220694,25.050573,37.500000,5.000000,234.300003,1.750000
2015-01-24T13:03:57Z,60.220666,25.050504,38.900002,3.000000,230.100006,1.750000
2015-01-24T13:04:00Z,60.220631,25.050435,38.900002,3.000000,228.199997,1.750000
2015-01-24T13:04:02Z,60.220611,25.050387,39.099998,3.000000,230.800003,1.750000
2015-01-24T13:04:05Z,60.220577,25.050316,39.000000,5.000000,225.399994,1.750000
2015-01-24T13:04:08Z,60.220537,25.050256,38.500000,5.000000,220.300003,1.750000
2015-01-24T13:04:09Z,60.220419,25.050155,0.000000,73.580002,0.000000,0.000000
2015-01-24T13:04:13Z,60.220472,25.050151,39.700001,5.000000,220.199997,1.750000
2015-01-24T13:04:16Z,60.220435,25.050095,38.500000,3.000000,217.899994,1.750000
2015-01-24T13:04:19Z,60.220396,25.050050,38.599998,3.000000,212.000000,1.750000
2015-01-24T13:04:20Z,60.220206,25.049463,0.000000,90.222000,0.000000,0.000000
2015-01-24T13:04:24Z,60.220340,25.049976,37.299999,3.000000,216.000000,1.500000
2015-01-24T13:04:27Z,60.220308,25.049930,37.099998,3.000000,213.399994,1.500000
2015-01-24T13:04:28Z,60.220338,25.049576,0.000000,82.174004,0.000000,0.000000
2015-01-24T13:04:32Z,60.220247,25.049855,37.099998,4.000000,214.000000,1.750000
2015-01-24T13:04:35Z,60.220209,25.049804,37.099998,6.000000,212.899994,1.750000
2015-01-24T13:04:38Z,60.220174,25.049757,36.000000,5.000000,214.100006,1.500000
2015-01-24T13:04:39Z,60.220134,25.049690,0.000000,57.827000,0.000000,0.000000
2015-01-24T13:04:43Z,60.220115,25.049671,36.500000,3.000000,212.500000,1.750000
2015-01-24T13:04:45Z,60.220217,25.049507,0.000000,47.028999,0.000000,0.000000
2015-01-24T13:04:49Z,60.220035,25.049579,36.200001,5.000000,210.899994,1.750000
2015-01-24T13:04:50Z,60.220161,25.049529,0.000000,50.111000,0.000000,0.000000
2015-01-24T13:04:54Z,60.219988,25.049469,35.700001,5.000000,224.800003,1.750000
2015-01-24T13:04:56Z,60.220084,25.049545,0.000000,54.273998,0.000000,0.000000
2015-01-24T13:04:59Z,60.219927,25.049399,34.299999,6.000000,208.000000,1.750000
2015-01-24T13:05:02Z,60.219888,25.049369,34.299999,6.000000,204.800003,1.500000
2015-01-24T13:05:05Z,60.219846,25.049344,35.400002,6.000000,199.699997,1.750000
2015-01-24T13:05:06Z,60.220007,25.049608,0.000000,45.000000,0.000000,0.000000
2015-01-24T13:05:10Z,60.219782,25.049294,36.599998,6.000000,199.000000,1.750000
2015-01-24T13:05:13Z,60.219742,25.049287,35.700001,3.000000,194.300003,1.500000
2015-01-24T13:05:16Z,60.219700,25.049276,36.099998,3.000000,191.300003,1.750000
2015-01-24T13:05:17Z,60.219835,25.049440,0.000000,36.756001,0.000000,0.000000
2015-01-24T13:05:21Z,60.219634,25.049268,35.799999,5.000000,187.899994,1.500000
2015-01-24T13:05:24Z,60.219596,25.049256,35.400002,5.000000,193.199997,1.500000
2015-01-24T13:05:27Z,60.219557,25.049233,34.900002,3.000000,196.100006,1.500000
2015-01-24T13:05:29Z,60.219529,25.049220,34.900002,4.000000,193.800003,1.500000
2015-01-24T13:05:32Z,60.219488,25.049203,35.299999,5.000000,192.800003,1.500000
2015-01-24T13:05:35Z,60.219445,25.049198,35.200001,6.000000,185.399994,1.500000
2015-01-24T13:05:38Z,60.219400,25.049196,33.599998,3.000000,180.899994,1.500000
2015-01-24T13:05:39Z,60.219234,25.048551,0.000000,37.500000,0.000000,0.000000
2015-01-24T13:05:43Z,60.219333,25.049165,33.599998,6.000000,199.800003,1.500000
2015-01-24T13:05:46Z,60.219288,25.049139,35.000000,3.000000,193.100006,1.500000
2015-01-24T13:05:49Z,60.219237,25.049116,35.799999,3.000000,195.800003,1.750000
2015-01-24T13:05:50Z,60.219127,25.048555,0.000000,57.000000,0.000000,0.000000
2015-01-24T13:05:54Z,60.219158,25.049083,36.099998,3.000000,188.500000,1.500000
2015-01-24T13:05:57Z,60.219113,25.049064,36.200001,5.000000,194.800003,1.500000
2015-01-24T13:05:58Z,60.219127,25.048555,0.000000,57.000000,0.000000,0.000000
2015-01-24T13:06:02Z,60.219052,25.048995,33.700001,4.000000,207.399994,1.500000
2015-01-24T13:06:05Z,60.219013,25.048963,34.900002,3.000000,202.699997,1.500000
2015-01-24T13:06:08Z,60.218975,25.048905,35.500000,3.000000,218.199997,1.500000
2015-01-24T13:06:11Z,60.218940,25.048852,34.599998,3.000000,213.100006,1.500000
2015-01-24T13:06:12Z,60.219000,25.048552,0.000000,57.000000,0.000000,0.000000
2015-01-24T13:06:16Z,60.218883,25.048781,33.799999,3.000000,212.100006,1.500000
2015-01-24T13:06:18Z,60.218983,25.048555,0.000000,51.000000,0.000000,0.000000
2015-01-24T13:06:22Z,60.218800,25.048704,34.700001,4.000000,198.899994,1.500000
2015-01-24T13:06:23Z,60.219000,25.048552,0.000000,57.000000,0.000000,0.000000
2015-01-24T13:06:27Z,60.218730,25.048619,34.400002,5.000000,215.300003,1.750000
2015-01-24T13:06:30Z,60.218708,25.048579,32.000000,6.000000,218.600006,1.250000
2015-01-24T13:06:31Z,60.218493,25.050370,0.000000,569.000000,0.000000,0.000000
2015-01-24T13:06:35Z,60.218658,25.048506,33.400002,5.000000,220.699997,1.250000
2015-01-24T13:06:37Z,60.218493,25.050370,0.000000,569.000000,0.000000,0.000000
2015-01-24T13:06:40Z,60.218579,25.048402,34.900002,4.000000,214.800003,1.750000
2015-01-24T13:06:42Z,60.218554,25.048367,34.700001,3.000000,219.399994,1.750000
2015-01-24T13:06:43Z,60.217956,25.050926,0.000000,27.000000,0.000000,0.000000
2015-01-24T13:06:47Z,60.218496,25.048292,34.299999,3.000000,210.899994,1.750000
2015-01-24T13:06:50Z,60.218461,25.048243,34.900002,4.000000,220.699997,1.750000
2015-01-24T13:06:53Z,60.218442,25.048166,34.599998,3.000000,250.600006,1.500000
2015-01-24T13:06:56Z,60.218434,25.048076,33.200001,4.000000,257.500000,1.750000
2015-01-24T13:06:57Z,60.218493,25.050370,0.000000,569.000000,0.000000,0.000000
2015-01-24T13:07:01Z,60.218443,25.047918,31.900000,4.000000,268.500000,1.750000
2015-01-24T13:07:03Z,60.218493,25.050370,0.000000,569.000000,0.000000,0.000000
2015-01-24T13:07:06Z,60.218471,25.047767,30.799999,5.000000,282.500000,1.750000
2015-01-24T13:07:09Z,60.218477,25.047666,30.400000,5.000000,276.000000,1.750000
2015-01-24T13:07:12Z,60.218484,25.047571,30.400000,5.000000,278.500000,1.750000
2015-01-24T13:07:13Z,60.218493,25.050370,0.000000,569.000000,0.000000,0.000000
2015-01-24T13:07:17Z,60.218498,25.047407,29.700001,6.000000,282.799988,1.750000
2015-01-24T13:07:20Z,60.218507,25.047314,29.100000,6.000000,281.100006,1.750000
2015-01-24T13:07:23Z,60.218531,25.047233,28.799999,6.000000,294.200012,1.750000
2015-01-24T13:07:26Z,60.218547,25.047154,28.100000,7.000000,290.500000,1.750000
2015-01-24T13:07:27Z,60.221937,25.035186,0.000000,736.000000,0.000000,0.000000
2015-01-24T13:07:31Z,60.218580,25.047028,28.299999,6.000000,289.399994,1.750000
2015-01-24T13:07:33Z,60.221937,25.035186,0.000000,736.000000,0.000000,0.000000
2015-01-24T13:07:36Z,60.218601,25.046889,27.600000,6.000000,283.799988,1.750000
2015-01-24T13:07:39Z,60.218614,25.046802,27.400000,7.000000,286.600006,1.750000
2015-01-24T13:07:42Z,60.218627,25.046725,25.700001,5.000000,287.500000,1.750000
2015-01-24T13:07:43Z,60.222798,25.031390,0.000000,576.000000,0.000000,0.000000
2015-01-24T13:07:47Z,60.218646,25.046577,26.400000,5.000000,284.299988,1.500000
2015-01-24T13:07:50Z,60.218635,25.046478,27.600000,4.000000,265.399994,1.500000
2015-01-24T13:07:53Z,60.218657,25.046402,27.900000,4.000000,282.100006,1.500000
2015-01-24T13:07:56Z,60.218681,25.046312,29.200001,3.000000,286.000000,1.500000
2015-01-24T13:07:59Z,60.218696,25.046218,30.000000,3.000000,284.000000,1.500000
2015-01-24T13:08:01Z,60.224233,25.025063,0.000000,583.000000,0.000000,0.000000
2015-01-24T13:08:04Z,60.218715,25.046052,31.200001,3.000000,280.899994,1.750000
2015-01-24T13:08:06Z,60.224233,25.025063,0.000000,583.000000,0.000000,0.000000
2015-01-24T13:08:09Z,60.218727,25.045896,30.299999,3.000000,284.799988,1.500000
2015-01-24T13:08:12Z,60.218741,25.045809,30.900000,5.000000,287.799988,1.500000
2015-01-24T13:08:15Z,60.218751,25.045718,31.500000,3.000000,287.000000,1.750000
2015-01-24T13:08:19Z,60.218764,25.045600,32.400002,3.000000,285.299988,1.750000
2015-01-24T13:08:21Z,60.224070,25.025058,0.000000,583.000000,0.000000,0.000000
2015-01-24T13:08:25Z,60.218788,25.045422,32.099998,3.000000,285.399994,1.750000
