time,lat,lon,elevation,accuracy,bearing,speed
2015-01-23T18:42:09Z,60.209416,24.948200,0.000000,33.507000,0.000000,0.000000
2015-01-23T18:42:12Z,60.209436,24.948242,0.000000,36.081001,0.000000,0.000000
2015-01-23T18:42:15Z,60.209722,24.949420,73.199997,17.000000,50.500000,10.750000
2015-01-23T18:42:18Z,60.209921,24.949936,52.000000,16.000000,49.299999,11.845358
2015-01-23T18:42:21Z,60.210186,24.950691,46.500000,19.000000,47.700001,12.010412
2015-01-23T18:42:25Z,60.210473,24.951452,51.799999,17.000000,55.900002,11.760633
2015-01-23T18:42:28Z,60.210511,24.951233,101.000000,32.000000,58.799999,9.500000
2015-01-23T18:42:31Z,60.210678,24.951870,168.699997,29.000000,66.199997,10.700467
2015-01-23T18:42:34Z,60.210931,24.951844,0.000000,70.933998,0.000000,0.000000
2015-01-23T18:42:37Z,60.210770,24.952601,77.300003,10.000000,0.000000,0.000000
2015-01-23T18:42:40Z,60.210770,24.952603,79.099998,10.000000,0.000000,0.000000
2015-01-23T18:42:43Z,60.210808,24.952500,94.199997,10.000000,0.000000,0.000000
2015-01-23T18:42:46Z,60.210806,24.952501,93.500000,10.000000,0.000000,0.000000
2015-01-23T18:42:48Z,60.210809,24.952500,93.500000,10.000000,0.000000,0.000000
2015-01-23T18:42:51Z,60.210833,24.952411,106.000000,10.000000,0.000000,0.000000
2015-01-23T18:42:53Z,60.210949,24.952006,0.000000,40.500000,0.000000,0.000000
2015-01-23T18:42:56Z,60.210874,24.952396,112.500000,11.000000,47.400002,5.500000
2015-01-23T18:42:59Z,60.211003,24.952679,113.000000,11.000000,49.200001,7.250000
2015-01-23T18:43:02Z,60.211196,24.953015,115.400002,11.000000,44.000000,8.500000
2015-01-23T18:43:05Z,60.211373,24.953391,111.000000,11.000000,47.799999,9.250000
2015-01-23T18:43:08Z,60.211550,24.953768,115.400002,12.000000,48.799999,10.500000
2015-01-23T18:43:11Z,60.211775,24.954325,111.800003,12.000000,49.900002,10.750000
2015-01-23T18:43:14Z,60.211950,24.954746,123.599998,12.000000,51.799999,10.250000
2015-01-23T18:43:17Z,60.212131,24.955305,124.500000,12.000000,52.900002,11.000000
2015-01-23T18:43:20Z,60.212274,24.955737,125.500000,13.000000,58.400002,9.750000
2015-01-23T18:43:22Z,60.212060,24.955128,0.000000,37.500000,0.000000,0.000000
2015-01-23T18:43:25Z,60.212390,24.956065,129.800003,11.000000,50.599998,3.250000
2015-01-23T18:43:28Z,60.212397,24.956132,133.600006,12.000000,155.199997,0.750000
2015-01-23T18:43:30Z,60.212325,24.956185,0.000000,46.362000,0.000000,0.000000
2015-01-23T18:43:33Z,60.212409,24.956188,142.800003,12.000000,145.399994,0.500000
2015-01-23T18:43:36Z,60.212418,24.956194,142.300003,11.000000,145.399994,0.500000
2015-01-23T18:43:38Z,60.212422,24.956229,142.199997,11.000000,145.399994,0.500000
2015-01-23T18:43:41Z,60.212438,24.956237,143.100006,11.000000,145.399994,0.500000
2015-01-23T18:43:43Z,60.212322,24.956176,0.000000,45.896999,0.000000,0.000000
2015-01-23T18:43:46Z,60.212471,24.956285,145.300003,11.000000,12.900000,0.750000
2015-01-23T18:43:49Z,60.212280,24.956213,0.000000,47.429001,0.000000,0.000000
2015-01-23T18:43:52Z,60.212459,24.956304,145.000000,11.000000,0.000000,0.000000
2015-01-23T18:43:54Z,60.212254,24.956947,0.000000,27.000000,0.000000,0.000000
2015-01-23T18:43:57Z,60.212523,24.956843,142.000000,11.000000,55.700001,5.500000
2015-01-23T18:44:00Z,60.212595,24.957008,143.899994,11.000000,51.900002,4.750000
2015-01-23T18:44:02Z,60.212669,24.957179,144.199997,11.000000,49.500000,5.750000
2015-01-23T18:44:05Z,60.212799,24.957374,142.399994,12.000000,35.799999,5.750000
2015-01-23T18:44:07Z,60.212887,24.957402,143.600006,12.000000,27.400000,5.250000
2015-01-23T18:44:10Z,60.213010,24.957509,145.500000,14.000000,26.799999,5.000000
2015-01-23T18:44:12Z,60.213191,24.958211,0.000000,31.809000,0.000000,0.000000
2015-01-23T18:44:16Z,60.213135,24.957997,140.699997,12.000000,47.299999,3.750000
2015-01-23T18:44:18Z,60.213231,24.958410,0.000000,51.546001,0.000000,0.000000
2015-01-23T18:44:21Z,60.213351,24.958477,137.000000,12.000000,53.799999,7.000000
2015-01-23T18:44:24Z,60.213493,24.958865,137.300003,12.000000,50.299999,9.000000
2015-01-23T18:44:27Z,60.213657,24.959367,134.500000,12.000000,55.700001,11.500000
2015-01-23T18:44:30Z,60.213805,24.960043,133.800003,11.000000,63.400002,12.500000
2015-01-23T18:44:33Z,60.213996,24.960727,129.399994,11.000000,59.700001,13.750000
2015-01-23T18:44:35Z,60.214115,24.961197,123.699997,11.000000,63.599998,14.750000
2015-01-23T18:44:38Z,60.214281,24.961910,118.500000,11.000000,65.400002,13.000000
2015-01-23T18:44:41Z,60.214424,24.962548,112.800003,11.000000,62.900002,12.750000
2015-01-23T18:44:44Z,60.214574,24.963229,106.699997,11.000000,66.099998,13.000000
2015-01-23T18:44:47Z,60.214711,24.963725,103.199997,11.000000,59.299999,10.000000
2015-01-23T18:44:49Z,60.214392,24.962604,0.000000,35.952999,0.000000,0.000000
2015-01-23T18:44:52Z,60.214915,24.964332,95.599998,13.000000,49.200001,7.250000
2015-01-23T18:44:55Z,60.214989,24.964378,94.800003,14.000000,12.400000,2.750000
2015-01-23T18:44:58Z,60.214934,24.964436,91.699997,13.000000,13.600000,0.500000
2015-01-23T18:45:01Z,60.214968,24.964434,87.099998,11.000000,0.000000,0.000000
2015-01-23T18:45:04Z,60.214980,24.964431,85.900002,11.000000,0.000000,0.000000
2015-01-23T18:45:06Z,60.214990,24.964439,84.900002,10.000000,0.000000,0.000000
2015-01-23T18:45:09Z,60.214940,24.964384,83.500000,10.000000,0.000000,0.000000
2015-01-23T18:45:12Z,60.215018,24.964651,83.599998,11.000000,59.299999,6.500000
2015-01-23T18:45:15Z,60.215103,24.965121,86.400002,10.000000,62.200001,9.500000
2015-01-23T18:45:17Z,60.214860,24.965196,0.000000,40.500000,0.000000,0.000000
2015-01-23T18:45:20Z,60.215286,24.966052,83.300003,11.000000,67.500000,11.750000
2015-01-23T18:45:23Z,60.215482,24.966653,84.599998,11.000000,62.000000,13.750000
2015-01-23T18:45:26Z,60.215644,24.967297,84.199997,11.000000,63.700001,14.250000
2015-01-23T18:45:29Z,60.215842,24.968036,82.699997,11.000000,64.000000,15.000000
2015-01-23T18:45:32Z,60.215993,24.968751,87.199997,11.000000,67.800003,16.500000
2015-01-23T18:45:34Z,60.215828,24.968646,0.000000,72.000000,0.000000,0.000000
2015-01-23T18:45:37Z,60.216255,24.970067,82.400002,11.000000,68.199997,14.750000
2015-01-23T18:45:39Z,60.215828,24.968450,0.000000,84.000000,0.000000,0.000000
2015-01-23T18:45:42Z,60.216448,24.971467,77.400002,11.000000,76.400002,17.000000
2015-01-23T18:45:45Z,60.215862,24.969339,0.000000,40.500000,0.000000,0.000000
2015-01-23T18:45:48Z,60.216560,24.973142,78.900002,11.000000,85.199997,15.500000
2015-01-23T18:45:50Z,60.216744,24.973535,0.000000,533.000000,0.000000,0.000000
2015-01-23T18:45:53Z,60.216628,24.974516,77.000000,10.000000,85.500000,14.750000
2015-01-23T18:45:56Z,60.216673,24.975351,73.000000,10.000000,85.599998,14.250000
2015-01-23T18:45:59Z,60.216707,24.976150,70.199997,11.000000,84.800003,14.750000
2015-01-23T18:46:01Z,60.217006,24.975198,0.000000,534.000000,0.000000,0.000000
2015-01-23T18:46:04Z,60.216784,24.977366,67.699997,11.000000,81.699997,13.250000
2015-01-23T18:46:07Z,60.216821,24.977918,64.800003,11.000000,83.800003,10.500000
2015-01-23T18:46:10Z,60.216904,24.978341,67.500000,11.000000,80.099998,10.000000
2015-01-23T18:46:12Z,60.216724,24.979695,0.000000,49.500000,0.000000,0.000000
2015-01-23T18:46:15Z,60.216916,24.979310,65.099998,12.000000,86.400002,10.250000
2015-01-23T18:46:18Z,60.216989,24.979896,64.400002,13.000000,80.500000,10.250000
2015-01-23T18:46:21Z,60.216935,24.980400,59.000000,12.000000,74.500000,9.000000
2015-01-23T18:46:24Z,60.216987,24.980853,58.900002,14.000000,77.300003,8.500000
2015-01-23T18:46:27Z,60.217019,24.981085,58.799999,19.000000,77.900002,5.250000
2015-01-23T18:46:29Z,60.216676,24.979957,0.000000,27.000000,0.000000,0.000000
2015-01-23T18:46:32Z,60.217085,24.980987,53.200001,15.000000,84.900002,0.750000
2015-01-23T18:46:34Z,60.216676,24.979957,0.000000,27.000000,0.000000,0.000000
2015-01-23T18:46:37Z,60.217094,24.980922,50.599998,11.000000,0.000000,0.000000
2015-01-23T18:46:40Z,60.217076,24.980907,47.400002,10.000000,84.900002,0.250000
2015-01-23T18:46:42Z,60.215962,24.979438,0.000000,534.000000,0.000000,0.000000
2015-01-23T18:46:45Z,60.217131,24.981188,47.400002,10.000000,67.599998,4.250000
2015-01-23T18:46:48Z,60.215962,24.979438,0.000000,534.000000,0.000000,0.000000
2015-01-23T18:46:51Z,60.217290,24.981755,48.799999,10.000000,64.300003,5.750000
2015-01-23T18:46:54Z,60.217337,24.982057,49.900002,10.000000,73.099998,5.750000
2015-01-23T18:46:56Z,60.217581,24.982990,0.000000,40.500000,0.000000,0.000000
2015-01-23T18:46:59Z,60.217462,24.982768,49.900002,11.000000,73.199997,8.500000
2015-01-23T18:47:01Z,60.217581,24.982990,0.000000,40.500000,0.000000,0.000000
2015-01-23T18:47:05Z,60.217721,24.983699,49.900002,10.000000,55.400002,11.000000
2015-01-23T18:47:08Z,60.217900,24.984216,49.900002,11.000000,55.200001,11.750000
2015-01-23T18:47:10Z,60.217886,24.984033,0.000000,39.000000,0.000000,0.000000
2015-01-23T18:47:13Z,60.218247,24.985259,50.799999,11.000000,53.200001,14.250000
2015-01-23T18:47:16Z,60.218549,24.985880,51.200001,11.000000,45.700001,14.750000
2015-01-23T18:47:19Z,60.218780,24.986546,51.900002,12.000000,52.900002,15.750000
2015-01-23T18:47:21Z,60.218423,24.985714,0.000000,48.000000,0.000000,0.000000
2015-01-23T18:47:24Z,60.219170,24.987605,53.200001,13.000000,52.200001,15.500000
2015-01-23T18:47:27Z,60.219398,24.988360,54.000000,14.000000,59.700001,16.000000
2015-01-23T18:47:30Z,60.219655,24.988868,54.799999,12.000000,56.200001,15.000000
2015-01-23T18:47:33Z,60.219933,24.989334,54.700001,12.000000,44.700001,14.250000
2015-01-23T18:47:36Z,60.220226,24.989811,54.700001,12.000000,38.299999,13.750000
2015-01-23T18:47:39Z,60.220609,24.990001,55.700001,13.000000,24.900000,15.250000
2015-01-23T18:47:42Z,60.221005,24.990362,56.400002,14.000000,22.500000,16.000000
2015-01-23T18:47:45Z,60.221186,24.990862,57.599998,14.000000,32.900002,14.250000
2015-01-23T18:47:47Z,60.220605,24.990171,0.000000,45.000000,0.000000,0.000000
2015-01-23T18:47:50Z,60.221661,24.991794,58.000000,16.000000,51.400002,16.500000
2015-01-23T18:47:53Z,60.221915,24.992612,58.500000,22.000000,58.200001,17.750000
2015-01-23T18:47:56Z,60.222198,24.993118,57.599998,26.000000,47.500000,14.250000
2015-01-23T18:47:59Z,60.222433,24.993552,58.599998,28.000000,45.000000,13.750000
2015-01-23T18:48:02Z,60.222693,24.994072,58.700001,28.000000,44.799999,13.750000
2015-01-23T18:48:05Z,60.223053,24.994561,59.000000,30.000000,36.700001,14.250000
2015-01-23T18:48:08Z,60.223433,24.994884,59.000000,24.000000,31.600000,14.750000
2015-01-23T18:48:11Z,60.223758,24.995126,59.400002,16.000000,24.299999,13.000000
2015-01-23T18:48:14Z,60.224086,24.995410,58.700001,12.000000,29.400000,12.750000
2015-01-23T18:48:16Z,60.224030,24.995658,0.000000,33.000000,0.000000,0.000000
2015-01-23T18:48:19Z,60.224576,24.996081,54.700001,12.000000,27.799999,12.750000
2015-01-23T18:48:22Z,60.224833,24.996517,54.599998,12.000000,39.900002,13.250000
2015-01-23T18:48:24Z,60.224674,24.995118,0.000000,534.000000,0.000000,0.000000
2015-01-23T18:48:27Z,60.225326,24.997416,56.299999,12.000000,41.799999,15.000000
2015-01-23T18:48:30Z,60.224674,24.995118,0.000000,534.000000,0.000000,0.000000
2015-01-23T18:48:32Z,60.225811,24.998432,57.099998,12.000000,50.000000,15.500000
2015-01-23T18:48:35Z,60.226099,24.999074,57.299999,12.000000,48.599998,15.500000
2015-01-23T18:48:38Z,60.226387,24.999589,57.000000,11.000000,47.900002,14.750000
2015-01-23T18:48:40Z,60.224696,24.995221,0.000000,534.000000,0.000000,0.000000
2015-01-23T18:48:43Z,60.226788,25.000581,55.400002,12.000000,55.599998,14.000000
2015-01-23T18:48:46Z,60.227006,25.001208,55.099998,11.000000,60.700001,14.000000
2015-01-23T18:48:49Z,60.227177,25.001847,52.700001,10.000000,64.300003,13.250000
2015-01-23T18:48:52Z,60.227278,25.002503,50.200001,10.000000,74.800003,13.000000
2015-01-23T18:48:54Z,60.227211,25.000198,0.000000,26.000000,0.000000,0.000000
2015-01-23T18:48:57Z,60.227322,25.003555,48.200001,11.000000,90.000000,11.750000
2015-01-23T18:48:59Z,60.227176,25.003970,39.400002,9.000000,105.900002,12.000000
2015-01-23T18:49:02Z,60.227043,25.004640,35.000000,10.000000,112.900002,13.500000
2015-01-23T18:49:04Z,60.226956,25.005099,29.600000,10.000000,115.199997,13.000000
2015-01-23T18:49:07Z,60.226802,25.005722,23.200001,5.000000,116.199997,12.250000
2015-01-23T18:49:10Z,60.226559,25.006305,21.100000,4.000000,126.400002,13.500000
2015-01-23T18:49:12Z,60.226885,25.002842,0.000000,40.500000,0.000000,0.000000
2015-01-23T18:49:15Z,60.226236,25.007151,19.700001,4.000000,127.300003,11.500000
2015-01-23T18:49:17Z,60.225355,25.011556,0.000000,725.000000,0.000000,0.000000
2015-01-23T18:49:20Z,60.225975,25.007840,19.600000,4.000000,126.199997,8.250000
2015-01-23T18:49:23Z,60.225876,25.008096,17.200001,3.000000,129.699997,4.250000
