60.181376,24.927097,61035323457120,31.5
60.181381,24.926803,61035323460120,9.0
60.181388,24.926648,61035323463124,13.0
60.181481,24.92655,61035323466124,23.0
60.181469,24.926582,61035323468124,16.0
60.181508,24.926504,61035323471124,14.0
60.181537,24.926493,61035323474124,13.0
60.181542,24.926474,61035323476124,10.0
60.181533,24.926508,61035323479124,9.0
60.181525,24.92653,61035323482124,9.0
60.181397,24.927112,61035323486124,30.0
60.181518,24.926552,61035323487124,9.0
60.181422,24.927213,61035323492124,30.0
60.181541,24.926355,61035323492124,10.0
60.181593,24.926436,61035323495124,10.0
60.181645,24.926539,61035323497128,10.0
60.181708,24.926812,61035323500128,10.0
60.181467,24.927252,61035323505128,30.0
60.181829,24.927395,61035323505128,4.0
60.181949,24.927777,61035323508128,4.0
60.182055,24.928157,61035323511128,4.0
60.181744,24.927685,61035323515128,45.0
60.182166,24.928562,61035323516128,3.0
60.182177,24.928609,61035323519128,3.0
60.18195,24.927747,61035323523128,30.0
60.182176,24.928599,61035323524128,3.0
60.182181,24.928584,61035323528128,3.0
60.182184,24.928572,61035323531128,3.0
60.182014,24.927266,61035323536128,49.5
60.182184,24.928565,61035323536132,3.0
60.182184,24.928565,61035323539132,3.0
60.182184,24.928561,61035323542132,3.0
60.181959,24.927343,61035323546132,51.0
60.182183,24.928557,61035323547132,4.0
60.182238,24.928642,61035323550132,4.0
60.182688,24.927227,61035323554132,85.5
60.182439,24.929143,61035323555132,6.0
60.182511,24.926299,61035323559132,40.5
60.182772,24.93018,61035323561132,5.0
60.18287,24.930584,61035323563132,6.0
60.183059,24.93102,61035323566132,5.0
60.183312,24.931339,61035323569132,3.0
60.183579,24.931538,61035323572136,3.0
60.183862,24.931709,61035323575136,4.0
60.184142,24.931912,61035323578136,4.0
60.182963,24.929459,61035323582136,669.0
60.184505,24.932104,61035323583136,3.0
60.184632,24.932226,61035323586136,4.0
60.182963,24.929459,61035323590136,669.0
60.184705,24.932445,61035323591136,4.0
60.184718,24.932451,61035323594136,4.0
60.175899,24.931193,61035323598136,551.0
60.184727,24.93245,61035323599136,3.0
60.182963,24.929459,61035323603136,669.0
60.184733,24.932454,61035323604136,3.0
60.182963,24.929459,61035323609140,669.0
60.184733,24.932456,61035323609140,3.0
60.184733,24.932456,61035323612140,3.0
60.184743,24.93249,61035323615140,3.0
60.182963,24.929459,61035323619140,669.0
60.184763,24.932606,61035323620140,4.0
60.182963,24.929459,61035323624140,669.0
60.184836,24.93317,61035323625140,3.0
60.184901,24.933581,61035323628140,3.0
60.184979,24.934066,61035323631140,3.0
60.185056,24.934616,61035323634140,4.0
60.175899,24.931193,61035323638140,551.0
60.18522,24.93559,61035323639144,4.0
60.175899,24.931193,61035323643144,551.0
60.185379,24.936496,61035323644144,5.0
60.185456,24.936928,61035323647144,6.0
60.18548,24.937348,61035323649144,6.0
60.18559,24.937938,61035323652144,4.0
60.185664,24.938481,61035323655144,4.0
60.185102,24.935322,61035323659144,684.0
60.185765,24.939275,61035323660144,6.0
60.185837,24.939656,61035323663144,8.0
60.185888,24.940161,61035323666144,5.0
60.185851,24.940721,61035323671144,45.0
60.186116,24.940845,61035323671144,5.0
60.186284,24.941189,61035323674148,4.0
60.186347,24.941499,61035323677148,5.0
60.18643,24.941757,61035323680148,12.0
60.186473,24.941817,61035323683148,12.0
60.186448,24.941684,61035323686148,11.0
60.186442,24.941706,61035323689148,11.0
60.186404,24.941641,61035323692148,10.0
60.186306,24.94183,61035323696148,51.0
60.186432,24.941699,61035323697148,10.0
60.186513,24.941854,61035323700148,10.0
60.186644,24.942062,61035323703148,10.0
60.186464,24.942014,61035323707148,33.0
60.186783,24.942332,61035323708148,9.0
60.186605,24.943323,61035323713148,64.301003
60.186804,24.942421,61035323713148,3.0
60.186807,24.942421,61035323716148,3.0
60.18681,24.942419,61035323719148,4.0
60.186802,24.943029,61035323724152,80.984001
60.18681,24.94242,61035323724152,4.0
60.18681,24.942421,61035323727152,4.0
60.186698,24.943272,61035323731152,72.275002
60.186816,24.942423,61035323732152,3.0
60.186816,24.942426,61035323735152,4.0
60.186749,24.943161,61035323739152,76.396004
60.186875,24.942652,61035323740152,4.0
60.186767,24.942996,61035323745152,77.782997
60.187005,24.943163,61035323745152,5.0
60.187159,24.943494,61035323748152,4.0
60.18734,24.943786,61035323751152,4.0
60.18695,24.943248,61035323756152,39.0
60.187677,24.944279,61035323756152,5.0
60.187049,24.943164,61035323761156,33.0
60.188035,24.944742,61035323761156,6.0
60.188239,24.944956,61035323764156,8.0
60.188366,24.945073,61035323766156,6.0
60.188602,24.945551,61035323769156,4.0
60.188782,24.94588,61035323772156,5.0
60.188965,24.946225,61035323775156,5.0
60.189093,24.946488,61035323778156,5.0
60.189157,24.946594,61035323781156,5.0
60.18881,24.946094,61035323786156,30.0
60.189166,24.946617,61035323786156,4.0
60.189166,24.946612,61035323789156,4.0
60.189155,24.946589,61035323792156,3.0
60.189156,24.946588,61035323795156,3.0
60.189147,24.946568,61035323798156,3.0
60.188852,24.946132,61035323802156,31.5
60.189142,24.946552,61035323803156,6.0
60.189167,24.946608,61035323806156,6.0
60.188925,24.946208,61035323810156,30.0
60.189242,24.946679,61035323811160,5.0
60.189015,24.946387,61035323815160,30.0
60.189316,24.946801,61035323817160,5.0
60.189065,24.946469,61035323821160,36.0
60.189318,24.946875,61035323822160,4.0
60.189301,24.9469,61035323825160,3.0
60.189073,24.946513,61035323829160,37.5
60.189297,24.946898,61035323830160,3.0
60.189303,24.946892,61035323833160,3.0
60.189301,24.946888,61035323836160,3.0
60.189034,24.94643,61035323840160,36.0
60.189297,24.946883,61035323841160,3.0
60.1891,24.946556,61035323845160,42.0
60.189327,24.946926,61035323847160,4.0
60.189196,24.946686,61035323851160,30.0
60.18957,24.947329,61035323852160,5.0
60.189673,24.947609,61035323855160,5.0
60.189476,24.947529,61035323859160,149.026993
60.189762,24.947827,61035323860160,4.0
60.18981,24.947903,61035323863164,4.0
60.189508,24.947447,61035323867164,83.042999
60.189903,24.948085,61035323868164,4.0
60.190009,24.948267,61035323871164,4.0
60.189598,24.947791,61035323875164,40.5
60.190265,24.948712,61035323876164,6.0
60.190452,24.948985,61035323879164,5.0
60.190616,24.949202,61035323882164,4.0
60.190491,24.948723,61035323886164,27.549999
60.190892,24.949582,61035323887164,4.0
60.191004,24.949814,61035323890164,4.0
60.190685,24.948807,61035323894164,40.5
60.191068,24.949916,61035323895164,3.0
60.19074,24.948866,61035323899164,34.5
60.191074,24.949895,61035323900164,3.0
60.191078,24.949892,61035323903164,3.0
60.191081,24.949883,61035323906164,3.0
60.190732,24.948981,61035323910164,39.0
60.191088,24.949887,61035323911164,4.0
60.191136,24.94997,61035323913164,4.0
60.191249,24.950152,61035323916168,4.0
60.190888,24.949244,61035323920168,51.0
60.191496,24.950619,61035323921168,4.0
60.191439,24.950142,61035323925168,40.5
60.191756,24.951093,61035323926168,4.0
60.191912,24.951373,61035323929168,4.0
60.192036,24.951622,61035323932168,3.0
60.192107,24.95177,61035323935168,3.0
60.192004,24.95175,61035323939168,39.0
60.19211,24.951805,61035323940168,3.0
60.191947,24.951743,61035323944168,42.0
60.192109,24.951803,61035323945168,3.0
60.192106,24.951805,61035323948168,3.0
60.192105,24.951808,61035323951168,3.0
60.191963,24.952046,61035323955168,39.0
60.19216,24.9519,61035323956168,4.0
60.192284,24.952124,61035323959168,3.0
60.192192,24.951744,61035323963168,42.0
60.192583,24.952632,61035323964168,3.0
60.19278,24.952998,61035323967168,5.0
60.192906,24.953408,61035323970168,5.0
60.192743,24.952386,61035323974168,34.5
60.192997,24.953577,61035323975168,3.0
60.193009,24.953554,61035323978172,3.0
60.192775,24.952961,61035323982172,36.0
60.193008,24.953548,61035323983172,3.0
60.193005,24.953548,61035323986172,3.0
60.193004,24.953549,61035323989172,3.0
60.193004,24.953549,61035323991172,3.0
60.193003,24.953549,61035323994172,3.0
60.193003,24.953548,61035323997172,3.0
60.192759,24.953062,61035324001172,42.0
60.193071,24.953706,61035324002172,3.0
60.192809,24.953039,61035324006172,37.5
60.193263,24.95422,61035324008172,4.0
60.192805,24.95304,61035324012172,39.0
60.193501,24.954806,61035324013172,3.0
60.193626,24.95509,61035324015172,4.0
60.193826,24.955479,61035324018172,4.0
60.193536,24.954629,61035324022176,54.471001
60.194197,24.956253,61035324023176,10.0
60.194425,24.956708,61035324026176,10.0
60.19465,24.957139,61035324029176,9.0
60.194135,24.955919,61035324033176,30.0
60.194998,24.957826,61035324034176,10.0
60.195179,24.958234,61035324037176,10.0
60.195342,24.958543,61035324040176,11.0
60.195022,24.958152,61035324044176,53.159
60.195516,24.958877,61035324045176,13.0
60.195543,24.958825,61035324048176,12.0
60.195556,24.959088,61035324052176,24.0
60.195531,24.958821,61035324053176,9.0
60.19557,24.959151,61035324057176,21.0
60.195531,24.958864,61035324059176,10.0
60.195592,24.95917,61035324063176,24.0
60.195695,24.959286,61035324064176,11.0
60.195855,24.959628,61035324067176,10.0
60.195591,24.959198,61035324071180,24.0
60.196175,24.960198,61035324072180,11.0
60.196435,24.960649,61035324075180,12.0
60.196065,24.959917,61035324079180,30.0
60.1967,24.961148,61035324080180,10.0
60.196763,24.961325,61035324083180,11.0
60.196702,24.960937,61035324087180,33.348999
60.196797,24.961298,61035324088180,9.0
60.196809,24.961291,61035324091180,9.0
60.196806,24.961295,61035324094180,9.0
60.196698,24.96083,61035324098180,35.514999
60.196802,24.961288,61035324099180,9.0
60.196802,24.96128,61035324102180,9.0
60.196789,24.960941,61035324106180,48.0
60.196802,24.961277,61035324107180,9.0
60.196802,24.961268,61035324110180,9.0
60.196734,24.960863,61035324114180,31.5
60.196801,24.96126,61035324115180,9.0
60.196801,24.96126,61035324118180,9.0
60.1968,24.961254,61035324121180,9.0
60.196788,24.960976,61035324125180,45.0
60.1968,24.961252,61035324126180,9.0
60.1968,24.961249,61035324129180,9.0
60.196704,24.960865,61035324133180,31.5
60.196854,24.961416,61035324134180,4.0
60.196954,24.961644,61035324137180,5.0
60.196908,24.961766,61035324141184,85.247002
60.197182,24.962072,61035324142184,4.0
60.197321,24.962176,61035324145184,4.0
60.19752,24.962142,61035324148184,4.0
60.196876,24.961737,61035324152184,30.0
60.197937,24.962101,61035324153184,3.0
60.198143,24.962131,61035324156184,4.0
60.19813,24.962106,61035324160184,127.769997
60.19828,24.962106,61035324161184,4.0
60.198276,24.962124,61035324164184,3.0
60.198274,24.962123,61035324167184,3.0
60.198304,24.962188,61035324171184,20.736
60.19828,24.962118,61035324172184,3.0
60.198318,24.962231,61035324176184,23.055
60.198281,24.962121,61035324177184,3.0
60.198281,24.962121,61035324180184,3.0
60.198298,24.962116,61035324183184,3.0
60.198318,24.962249,61035324187184,23.6
60.198387,24.962057,61035324188184,3.0
60.198438,24.962046,61035324191184,3.0
60.198454,24.962033,61035324193184,4.0
60.198451,24.962029,61035324196184,3.0
60.198454,24.962033,61035324199184,3.0
60.198304,24.962263,61035324203184,23.128
60.198457,24.962033,61035324204184,3.0
60.198457,24.962033,61035324207188,3.0
60.198314,24.962243,61035324211188,25.0
60.198456,24.962035,61035324212188,3.0
60.198335,24.962295,61035324216188,25.0
60.198456,24.962039,61035324217188,3.0
60.198498,24.962026,61035324220188,3.0
60.19869,24.962014,61035324223188,3.0
60.198336,24.962321,61035324227188,23.0
60.199096,24.961998,61035324228188,4.0
60.1994,24.962038,61035324231188,3.0
60.199614,24.962087,61035324233188,3.0
