60.181376,24.927097,61066945857120,31.5
60.181381,24.926803,61066945860120,9.0
60.181388,24.926648,61066945863124,13.0
60.181481,24.92655,61066945866124,23.0
60.181469,24.926582,61066945868124,16.0
60.181508,24.926504,61066945871124,14.0
60.181537,24.926493,61066945874124,13.0
60.181542,24.926474,61066945876124,10.0
60.181533,24.926508,61066945879124,9.0
60.181525,24.92653,61066945882124,9.0
60.181397,24.927112,61066945886124,30.0
60.181518,24.926552,61066945887124,9.0
60.181422,24.927213,61066945892124,30.0
60.181541,24.926355,61066945892124,10.0
60.181593,24.926436,61066945895124,10.0
60.181645,24.926539,61066945897128,10.0
60.181708,24.926812,61066945900128,10.0
60.181467,24.927252,61066945905128,30.0
60.181829,24.927395,61066945905128,4.0
60.181949,24.927777,61066945908128,4.0
60.182055,24.928157,61066945911128,4.0
60.181744,24.927685,61066945915128,45.0
60.182166,24.928562,61066945916128,3.0
60.182177,24.928609,61066945919128,3.0
60.18195,24.927747,61066945923128,30.0
60.182176,24.928599,61066945924128,3.0
60.182181,24.928584,61066945928128,3.0
60.182184,24.928572,61066945931128,3.0
60.182014,24.927266,61066945936128,49.5
60.182184,24.928565,61066945936132,3.0
60.182184,24.928565,61066945939132,3.0
60.182184,24.928561,61066945942132,3.0
60.181959,24.927343,61066945946132,51.0
60.182183,24.928557,61066945947132,4.0
60.182238,24.928642,61066945950132,4.0
60.182688,24.927227,61066945954132,85.5
60.182439,24.929143,61066945955132,6.0
60.182511,24.926299,61066945959132,40.5
60.182772,24.93018,61066945961132,5.0
60.18287,24.930584,61066945963132,6.0
60.183059,24.93102,61066945966132,5.0
60.183312,24.931339,61066945969132,3.0
60.183579,24.931538,61066945972136,3.0
60.183862,24.931709,61066945975136,4.0
60.184142,24.931912,61066945978136,4.0
60.182963,24.929459,61066945982136,669.0
60.184505,24.932104,61066945983136,3.0
60.184632,24.932226,61066945986136,4.0
60.182963,24.929459,61066945990136,669.0
60.184705,24.932445,61066945991136,4.0
60.184718,24.932451,61066945994136,4.0
60.175899,24.931193,61066945998136,551.0
60.184727,24.93245,61066945999136,3.0
60.182963,24.929459,61066946003136,669.0
60.184733,24.932454,61066946004136,3.0
60.182963,24.929459,61066946009140,669.0
60.184733,24.932456,61066946009140,3.0
60.184733,24.932456,61066946012140,3.0
60.184743,24.93249,61066946015140,3.0
60.182963,24.929459,61066946019140,669.0
60.184763,24.932606,61066946020140,4.0
60.182963,24.929459,61066946024140,669.0
60.184836,24.93317,61066946025140,3.0
60.184901,24.933581,61066946028140,3.0
60.184979,24.934066,61066946031140,3.0
60.185056,24.934616,61066946034140,4.0
60.175899,24.931193,61066946038140,551.0
60.18522,24.93559,61066946039144,4.0
60.175899,24.931193,61066946043144,551.0
60.185379,24.936496,61066946044144,5.0
60.185456,24.936928,61066946047144,6.0
60.18548,24.937348,61066946049144,6.0
60.18559,24.937938,61066946052144,4.0
60.185664,24.938481,61066946055144,4.0
60.185102,24.935322,61066946059144,684.0
60.185765,24.939275,61066946060144,6.0
60.185837,24.939656,61066946063144,8.0
60.185888,24.940161,61066946066144,5.0
60.185851,24.940721,61066946071144,45.0
60.186116,24.940845,61066946071144,5.0
60.186284,24.941189,61066946074148,4.0
60.186347,24.941499,61066946077148,5.0
60.18643,24.941757,61066946080148,12.0
60.186473,24.941817,61066946083148,12.0
60.186448,24.941684,61066946086148,11.0
60.186442,24.941706,61066946089148,11.0
60.186404,24.941641,61066946092148,10.0
60.186306,24.94183,61066946096148,51.0
60.186432,24.941699,61066946097148,10.0
60.186513,24.941854,61066946100148,10.0
60.186644,24.942062,61066946103148,10.0
60.186464,24.942014,61066946107148,33.0
60.186783,24.942332,61066946108148,9.0
60.186605,24.943323,61066946113148,64.301003
60.186804,24.942421,61066946113148,3.0
60.186807,24.942421,61066946116148,3.0
60.18681,24.942419,61066946119148,4.0
60.186802,24.943029,61066946124152,80.984001
60.18681,24.94242,61066946124152,4.0
60.18681,24.942421,61066946127152,4.0
60.186698,24.943272,61066946131152,72.275002
60.186816,24.942423,61066946132152,3.0
60.186816,24.942426,61066946135152,4.0
60.186749,24.943161,61066946139152,76.396004
60.186875,24.942652,61066946140152,4.0
60.186767,24.942996,61066946145152,77.782997
60.187005,24.943163,61066946145152,5.0
60.187159,24.943494,61066946148152,4.0
60.18734,24.943786,61066946151152,4.0
60.18695,24.943248,61066946156152,39.0
60.187677,24.944279,61066946156152,5.0
60.187049,24.943164,61066946161156,33.0
60.188035,24.944742,61066946161156,6.0
60.188239,24.944956,61066946164156,8.0
60.188366,24.945073,61066946166156,6.0
60.188602,24.945551,61066946169156,4.0
60.188782,24.94588,61066946172156,5.0
60.188965,24.946225,61066946175156,5.0
60.189093,24.946488,61066946178156,5.0
60.189157,24.946594,61066946181156,5.0
60.18881,24.946094,61066946186156,30.0
60.189166,24.946617,61066946186156,4.0
60.189166,24.946612,61066946189156,4.0
60.189155,24.946589,61066946192156,3.0
60.189156,24.946588,61066946195156,3.0
60.189147,24.946568,61066946198156,3.0
60.188852,24.946132,61066946202156,31.5
60.189142,24.946552,61066946203156,6.0
60.189167,24.946608,61066946206156,6.0
60.188925,24.946208,61066946210156,30.0
60.189242,24.946679,61066946211160,5.0
60.189015,24.946387,61066946215160,30.0
60.189316,24.946801,61066946217160,5.0
60.189065,24.946469,61066946221160,36.0
60.189318,24.946875,61066946222160,4.0
60.189301,24.9469,61066946225160,3.0
60.189073,24.946513,61066946229160,37.5
60.189297,24.946898,61066946230160,3.0
60.189303,24.946892,61066946233160,3.0
60.189301,24.946888,61066946236160,3.0
60.189034,24.94643,61066946240160,36.0
60.189297,24.946883,61066946241160,3.0
60.1891,24.946556,61066946245160,42.0
60.189327,24.946926,61066946247160,4.0
60.189196,24.946686,61066946251160,30.0
60.18957,24.947329,61066946252160,5.0
60.189673,24.947609,61066946255160,5.0
60.189476,24.947529,61066946259160,149.026993
60.189762,24.947827,61066946260160,4.0
60.18981,24.947903,61066946263164,4.0
60.189508,24.947447,61066946267164,83.042999
60.189903,24.948085,61066946268164,4.0
60.190009,24.948267,61066946271164,4.0
60.189598,24.947791,61066946275164,40.5
60.190265,24.948712,61066946276164,6.0
60.190452,24.948985,61066946279164,5.0
60.190616,24.949202,61066946282164,4.0
60.190491,24.948723,61066946286164,27.549999
60.190892,24.949582,61066946287164,4.0
60.191004,24.949814,61066946290164,4.0
60.190685,24.948807,61066946294164,40.5
60.191068,24.949916,61066946295164,3.0
60.19074,24.948866,61066946299164,34.5
60.191074,24.949895,61066946300164,3.0
60.191078,24.949892,61066946303164,3.0
60.191081,24.949883,61066946306164,3.0
60.190732,24.948981,61066946310164,39.0
60.191088,24.949887,61066946311164,4.0
60.191136,24.94997,61066946313164,4.0
60.191249,24.950152,61066946316168,4.0
60.190888,24.949244,61066946320168,51.0
60.191496,24.950619,61066946321168,4.0
60.191439,24.950142,61066946325168,40.5
60.191756,24.951093,61066946326168,4.0
60.191912,24.951373,61066946329168,4.0
60.192036,24.951622,61066946332168,3.0
60.192107,24.95177,61066946335168,3.0
60.192004,24.95175,61066946339168,39.0
60.19211,24.951805,61066946340168,3.0
60.191947,24.951743,61066946344168,42.0
60.192109,24.951803,61066946345168,3.0
60.192106,24.951805,61066946348168,3.0
60.192105,24.951808,61066946351168,3.0
60.191963,24.952046,61066946355168,39.0
60.19216,24.9519,61066946356168,4.0
60.192284,24.952124,61066946359168,3.0
60.192192,24.951744,61066946363168,42.0
60.192583,24.952632,61066946364168,3.0
60.19278,24.952998,61066946367168,5.0
60.192906,24.953408,61066946370168,5.0
60.192743,24.952386,61066946374168,34.5
60.192997,24.953577,61066946375168,3.0
60.193009,24.953554,61066946378172,3.0
60.192775,24.952961,61066946382172,36.0
60.193008,24.953548,61066946383172,3.0
60.193005,24.953548,61066946386172,3.0
60.193004,24.953549,61066946389172,3.0
60.193004,24.953549,61066946391172,3.0
60.193003,24.953549,61066946394172,3.0
60.193003,24.953548,61066946397172,3.0
60.192759,24.953062,61066946401172,42.0
60.193071,24.953706,61066946402172,3.0
60.192809,24.953039,61066946406172,37.5
60.193263,24.95422,61066946408172,4.0
60.192805,24.95304,61066946412172,39.0
60.193501,24.954806,61066946413172,3.0
60.193626,24.95509,61066946415172,4.0
60.193826,24.955479,61066946418172,4.0
60.193536,24.954629,61066946422176,54.471001
60.194197,24.956253,61066946423176,10.0
60.194425,24.956708,61066946426176,10.0
60.19465,24.957139,61066946429176,9.0
60.194135,24.955919,61066946433176,30.0
60.194998,24.957826,61066946434176,10.0
60.195179,24.958234,61066946437176,10.0
60.195342,24.958543,61066946440176,11.0
60.195022,24.958152,61066946444176,53.159
60.195516,24.958877,61066946445176,13.0
60.195543,24.958825,61066946448176,12.0
60.195556,24.959088,61066946452176,24.0
60.195531,24.958821,61066946453176,9.0
60.19557,24.959151,61066946457176,21.0
60.195531,24.958864,61066946459176,10.0
60.195592,24.95917,61066946463176,24.0
60.195695,24.959286,61066946464176,11.0
60.195855,24.959628,61066946467176,10.0
60.195591,24.959198,61066946471180,24.0
60.196175,24.960198,61066946472180,11.0
60.196435,24.960649,61066946475180,12.0
60.196065,24.959917,61066946479180,30.0
60.1967,24.961148,61066946480180,10.0
60.196763,24.961325,61066946483180,11.0
60.196702,24.960937,61066946487180,33.348999
60.196797,24.961298,61066946488180,9.0
60.196809,24.961291,61066946491180,9.0
60.196806,24.961295,61066946494180,9.0
60.196698,24.96083,61066946498180,35.514999
60.196802,24.961288,61066946499180,9.0
60.196802,24.96128,61066946502180,9.0
60.196789,24.960941,61066946506180,48.0
60.196802,24.961277,61066946507180,9.0
60.196802,24.961268,61066946510180,9.0
60.196734,24.960863,61066946514180,31.5
60.196801,24.96126,61066946515180,9.0
60.196801,24.96126,61066946518180,9.0
60.1968,24.961254,61066946521180,9.0
60.196788,24.960976,61066946525180,45.0
60.1968,24.961252,61066946526180,9.0
60.1968,24.961249,61066946529180,9.0
60.196704,24.960865,61066946533180,31.5
60.196854,24.961416,61066946534180,4.0
60.196954,24.961644,61066946537180,5.0
60.196908,24.961766,61066946541184,85.247002
60.197182,24.962072,61066946542184,4.0
60.197321,24.962176,61066946545184,4.0
60.19752,24.962142,61066946548184,4.0
60.196876,24.961737,61066946552184,30.0
60.197937,24.962101,61066946553184,3.0
60.198143,24.962131,61066946556184,4.0
60.19813,24.962106,61066946560184,127.769997
60.19828,24.962106,61066946561184,4.0
60.198276,24.962124,61066946564184,3.0
60.198274,24.962123,61066946567184,3.0
60.198304,24.962188,61066946571184,20.736
60.19828,24.962118,61066946572184,3.0
60.198318,24.962231,61066946576184,23.055
60.198281,24.962121,61066946577184,3.0
60.198281,24.962121,61066946580184,3.0
60.198298,24.962116,61066946583184,3.0
60.198318,24.962249,61066946587184,23.6
60.198387,24.962057,61066946588184,3.0
60.198438,24.962046,61066946591184,3.0
60.198454,24.962033,61066946593184,4.0
60.198451,24.962029,61066946596184,3.0
60.198454,24.962033,61066946599184,3.0
60.198304,24.962263,61066946603184,23.128
60.198457,24.962033,61066946604184,3.0
60.198457,24.962033,61066946607188,3.0
60.198314,24.962243,61066946611188,25.0
60.198456,24.962035,61066946612188,3.0
60.198335,24.962295,61066946616188,25.0
60.198456,24.962039,61066946617188,3.0
60.198498,24.962026,61066946620188,3.0
60.19869,24.962014,61066946623188,3.0
60.198336,24.962321,61066946627188,23.0
60.199096,24.961998,61066946628188,4.0
60.1994,24.962038,61066946631188,3.0
60.199614,24.962087,61066946633188,3.0
