60.209416,24.9482,61382853729021,33.507
60.209436,24.948242,61382853732021,36.081001
60.209722,24.94942,61382853735021,17.0
60.209921,24.949936,61382853738021,16.0
60.210186,24.950691,61382853741021,19.0
60.210473,24.951452,61382853745021,17.0
60.210511,24.951233,61382853748021,32.0
60.210678,24.95187,61382853751021,29.0
60.210931,24.951844,61382853754021,70.933998
60.21077,24.952601,61382853757021,10.0
60.21077,24.952603,61382853760021,10.0
60.210808,24.9525,61382853763021,10.0
60.210806,24.952501,61382853766021,10.0
60.210809,24.9525,61382853768021,10.0
60.210833,24.952411,61382853771021,10.0
60.210949,24.952006,61382853773021,40.5
60.210874,24.952396,61382853776021,11.0
60.211003,24.952679,61382853779021,11.0
60.211196,24.953015,61382853782021,11.0
60.211373,24.953391,61382853785021,11.0
60.21155,24.953768,61382853788021,12.0
60.211775,24.954325,61382853791021,12.0
60.21195,24.954746,61382853794021,12.0
60.212131,24.955305,61382853797021,12.0
60.212274,24.955737,61382853800021,13.0
60.21206,24.955128,61382853802021,37.5
60.21239,24.956065,61382853805021,11.0
60.212397,24.956132,61382853808021,12.0
60.212325,24.956185,61382853810021,46.362
60.212409,24.956188,61382853813021,12.0
60.212418,24.956194,61382853816021,11.0
60.212422,24.956229,61382853818021,11.0
60.212438,24.956237,61382853821021,11.0
60.212322,24.956176,61382853823021,45.896999
60.212471,24.956285,61382853826021,11.0
60.21228,24.956213,61382853829021,47.429001
60.212459,24.956304,61382853832021,11.0
60.212254,24.956947,61382853834021,27.0
60.212523,24.956843,61382853837021,11.0
60.212595,24.957008,61382853840021,11.0
60.212669,24.957179,61382853842021,11.0
60.212799,24.957374,61382853845021,12.0
60.212887,24.957402,61382853847021,12.0
60.21301,24.957509,61382853850021,14.0
60.213191,24.958211,61382853852021,31.809
60.213135,24.957997,61382853856021,12.0
60.213231,24.95841,61382853858021,51.546001
60.213351,24.958477,61382853861021,12.0
60.213493,24.958865,61382853864021,12.0
60.213657,24.959367,61382853867021,12.0
60.213805,24.960043,61382853870021,11.0
60.213996,24.960727,61382853873021,11.0
60.214115,24.961197,61382853875021,11.0
60.214281,24.96191,61382853878021,11.0
60.214424,24.962548,61382853881021,11.0
60.214574,24.963229,61382853884021,11.0
60.214711,24.963725,61382853887021,11.0
60.214392,24.962604,61382853889021,35.952999
60.214915,24.964332,61382853892021,13.0
60.214989,24.964378,61382853895021,14.0
60.214934,24.964436,61382853898021,13.0
60.214968,24.964434,61382853901021,11.0
60.21498,24.964431,61382853904021,11.0
60.21499,24.964439,61382853906021,10.0
60.21494,24.964384,61382853909021,10.0
60.215018,24.964651,61382853912021,11.0
60.215103,24.965121,61382853915021,10.0
60.21486,24.965196,61382853917021,40.5
60.215286,24.966052,61382853920021,11.0
60.215482,24.966653,61382853923021,11.0
60.215644,24.967297,61382853926021,11.0
60.215842,24.968036,61382853929021,11.0
60.215993,24.968751,61382853932025,11.0
60.215828,24.968646,61382853934025,72.0
60.216255,24.970067,61382853937025,11.0
60.215828,24.96845,61382853939025,84.0
60.216448,24.971467,61382853942025,11.0
60.215862,24.969339,61382853945025,40.5
60.21656,24.973142,61382853948025,11.0
60.216744,24.973535,61382853950025,533.0
60.216628,24.974516,61382853953025,10.0
60.216673,24.975351,61382853956025,10.0
60.216707,24.97615,61382853959025,11.0
60.217006,24.975198,61382853961025,534.0
60.216784,24.977366,61382853964025,11.0
60.216821,24.977918,61382853967025,11.0
60.216904,24.978341,61382853970025,11.0
60.216724,24.979695,61382853972025,49.5
60.216916,24.97931,61382853975025,12.0
60.216989,24.979896,61382853978025,13.0
60.216935,24.9804,61382853981025,12.0
60.216987,24.980853,61382853984025,14.0
60.217019,24.981085,61382853987025,19.0
60.216676,24.979957,61382853989025,27.0
60.217085,24.980987,61382853992025,15.0
60.216676,24.979957,61382853994025,27.0
60.217094,24.980922,61382853997025,11.0
60.217076,24.980907,61382854000025,10.0
60.215962,24.979438,61382854002025,534.0
60.217131,24.981188,61382854005025,10.0
60.215962,24.979438,61382854008025,534.0
60.21729,24.981755,61382854011025,10.0
60.217337,24.982057,61382854014029,10.0
60.217581,24.98299,61382854016029,40.5
60.217462,24.982768,61382854019029,11.0
60.217581,24.98299,61382854021029,40.5
60.217721,24.983699,61382854025029,10.0
60.2179,24.984216,61382854028029,11.0
60.217886,24.984033,61382854030029,39.0
60.218247,24.985259,61382854033029,11.0
60.218549,24.98588,61382854036029,11.0
60.21878,24.986546,61382854039029,12.0
60.218423,24.985714,61382854041029,48.0
60.21917,24.987605,61382854044029,13.0
60.219398,24.98836,61382854047029,14.0
60.219655,24.988868,61382854050029,12.0
60.219933,24.989334,61382854053029,12.0
60.220226,24.989811,61382854056029,12.0
60.220609,24.990001,61382854059029,13.0
60.221005,24.990362,61382854062029,14.0
60.221186,24.990862,61382854065030,14.0
60.220605,24.990171,61382854067030,45.0
60.221661,24.991794,61382854070030,16.0
60.221915,24.992612,61382854073030,22.0
60.222198,24.993118,61382854076030,26.0
60.222433,24.993552,61382854079030,28.0
60.222693,24.994072,61382854082030,28.0
60.223053,24.994561,61382854085030,30.0
60.223433,24.994884,61382854088030,24.0
60.223758,24.995126,61382854091030,16.0
60.224086,24.99541,61382854094030,12.0
60.22403,24.995658,61382854096030,33.0
60.224576,24.996081,61382854099030,12.0
60.224833,24.996517,61382854102030,12.0
60.224674,24.995118,61382854104030,534.0
60.225326,24.997416,61382854107030,12.0
60.224674,24.995118,61382854110030,534.0
60.225811,24.998432,61382854112030,12.0
60.226099,24.999074,61382854115030,12.0
60.226387,24.999589,61382854118030,11.0
60.224696,24.995221,61382854120030,534.0
60.226788,25.000581,61382854123030,12.0
60.227006,25.001208,61382854126030,11.0
60.227177,25.001847,61382854129030,10.0
60.227278,25.002503,61382854132030,10.0
60.227211,25.000198,61382854134030,26.0
60.227322,25.003555,61382854137030,11.0
60.227176,25.00397,61382854139030,9.0
60.227043,25.00464,61382854142030,10.0
60.226956,25.005099,61382854144030,10.0
60.226802,25.005722,61382854147030,5.0
60.226559,25.006305,61382854150030,4.0
60.226885,25.002842,61382854152030,40.5
60.226236,25.007151,61382854155030,4.0
60.225355,25.011556,61382854157030,725.0
60.225975,25.00784,61382854160030,4.0
60.225876,25.008096,61382854163030,3.0
